Time	Longitude	Latitude	Temperature (¡ãC)	Chlorophyll a (mg m-3)	Salinity	¡÷O2/Ar (%)	k (m d-1)	NCP (mmol C m-2 d-1)		
2017/7/13 6:05	120.48 	21.01 	30.70 	0.05 	33.53 	0.4 	2.4 	1.3 		
2017/7/13 6:10	120.49 	21.01 	30.71 	0.06 	33.54 	0.4 	2.4 	1.4 		
2017/7/13 6:15	120.50 	21.00 	30.72 	0.05 	33.55 	0.3 	2.4 	1.2 		
2017/7/13 10:50	120.38 	21.05 	30.86 	0.05 	33.56 	0.5 	2.4 	1.8 		
2017/7/13 10:55	120.38 	21.05 	30.84 	0.05 	33.56 	0.3 	2.4 	1.2 		
2017/7/13 11:00	120.40 	21.06 	30.82 	0.05 	33.56 	0.6 	2.4 	2.0 		
2017/7/13 11:05	120.41 	21.06 	30.82 	0.05 	33.56 	0.7 	2.4 	2.2 		
2017/7/13 11:10	120.43 	21.05 	30.78 	0.04 	33.56 	0.8 	2.4 	2.6 		
2017/7/13 11:15	120.44 	21.05 	30.76 	0.05 	33.57 	0.7 	2.4 	2.3 		
2017/7/13 11:20	120.46 	21.05 	30.75 	0.05 	33.60 	0.7 	2.4 	2.5 		
2017/7/13 11:25	120.47 	21.05 	30.75 	0.05 	33.63 	0.7 	2.4 	2.4 		
2017/7/13 11:30	120.48 	21.05 	30.74 	0.05 	33.68 	0.6 	2.4 	2.0 		
2017/7/13 11:35	120.50 	21.05 	30.69 	0.05 	33.81 	0.7 	2.4 	2.4 		
2017/7/13 11:40	120.51 	21.05 	30.60 	0.04 	33.93 	0.8 	2.4 	2.7 		
2017/7/13 11:45	120.53 	21.05 	30.47 	0.03 	33.99 	0.6 	2.4 	2.0 		
2017/7/13 11:50	120.54 	21.05 	30.36 	0.04 	34.02 	0.6 	2.4 	2.0 		
2017/7/13 11:55	120.56 	21.06 	30.28 	0.06 	34.05 	0.7 	2.4 	2.4 		
2017/7/13 12:00	120.57 	21.06 	30.28 	0.07 	34.07 	0.6 	2.4 	2.0 		
2017/7/13 12:05	120.59 	21.07 	30.36 	0.09 	34.08 	0.3 	2.4 	0.9 		
2017/7/13 12:10	120.60 	21.07 	30.45 	0.10 	34.07 	0.1 	2.4 	0.3 		
2017/7/13 12:15	120.62 	21.08 	30.53 	0.10 	34.04 	0.0 	2.4 	-0.1 		
2017/7/13 12:20	120.63 	21.08 	30.60 	0.09 	33.99 	-0.1 	2.6 	-0.2 		
2017/7/13 12:25	120.65 	21.09 	30.64 	0.08 	33.94 	0.0 	2.6 	-0.1 		
2017/7/13 12:30	120.66 	21.09 	30.67 	0.07 	33.88 	0.0 	2.6 	0.1 		
2017/7/13 12:35	120.67 	21.10 	30.67 	0.05 	33.85 	0.0 	2.6 	0.0 		
2017/7/13 12:40	120.69 	21.10 	30.69 	0.06 	33.85 	0.1 	2.6 	0.5 		
2017/7/13 12:45	120.70 	21.11 	30.68 	0.05 	33.87 	0.2 	2.6 	0.6 		
2017/7/13 12:50	120.72 	21.11 	30.66 	0.05 	33.90 	0.3 	2.6 	1.0 		
2017/7/13 12:55	120.73 	21.12 	30.63 	0.05 	33.93 	0.3 	2.6 	1.1 		
2017/7/13 13:00	120.74 	21.12 	30.63 	0.06 	34.00 	0.3 	2.6 	1.1 		
2017/7/13 13:05	120.76 	21.13 	30.66 	0.06 	34.09 	0.4 	2.7 	1.6 		
2017/7/13 13:10	120.77 	21.13 	30.70 	0.07 	34.18 	0.5 	2.7 	1.9 		
2017/7/13 13:15	120.78 	21.14 	30.75 	0.07 	34.24 	0.4 	2.7 	1.6 		
2017/7/13 13:20	120.80 	21.14 	30.78 	0.07 	34.27 	0.5 	2.7 	1.8 		
2017/7/13 13:25	120.81 	21.15 	30.78 	0.06 	34.28 	0.6 	2.7 	2.2 		
2017/7/13 13:30	120.83 	21.16 	30.77 	0.05 	34.29 	0.7 	2.7 	2.4 		
2017/7/13 13:35	120.84 	21.16 	30.78 	0.05 	34.30 	0.7 	2.7 	2.6 		
2017/7/13 13:40	120.85 	21.17 	30.79 	0.05 	34.31 	0.5 	2.7 	1.9 		
2017/7/13 13:45	120.87 	21.17 	30.78 	0.05 	34.30 	0.6 	2.7 	2.3 		
2017/7/13 13:50	120.88 	21.18 	30.70 	0.04 	34.29 	0.6 	2.8 	2.3 		
2017/7/13 13:55	120.90 	21.18 	30.65 	0.05 	34.29 	0.7 	2.8 	2.7 		
2017/7/13 14:00	120.91 	21.18 	30.68 	0.06 	34.30 	0.4 	2.8 	1.4 		
2017/7/13 14:05	120.93 	21.19 	30.71 	0.07 	34.29 	0.4 	2.8 	1.4 		
2017/7/13 14:10	120.94 	21.19 	30.75 	0.07 	34.30 	0.3 	2.8 	1.2 		
2017/7/13 14:15	120.96 	21.20 	30.77 	0.06 	34.29 	0.4 	2.8 	1.5 		
2017/7/13 14:20	120.97 	21.20 	30.78 	0.05 	34.29 	0.4 	2.8 	1.4 		
2017/7/13 14:25	120.98 	21.21 	30.79 	0.05 	34.29 	0.4 	2.8 	1.7 		
2017/7/13 14:30	121.00 	21.21 	30.79 	0.06 	34.29 	0.4 	2.8 	1.5 		
2017/7/13 14:35	121.01 	21.22 	30.79 	0.05 	34.30 	0.2 	2.8 	0.9 		
2017/7/13 14:40	121.03 	21.22 	30.79 	0.05 	34.31 	0.2 	2.8 	0.8 		
2017/7/13 14:45	121.04 	21.22 	30.77 	0.05 	34.30 	0.1 	2.8 	0.4 		
2017/7/13 14:50	121.06 	21.23 	30.71 	0.04 	34.30 	0.2 	2.8 	0.7 		
2017/7/13 14:55	121.07 	21.24 	30.66 	0.04 	34.30 	0.2 	2.8 	0.6 		
2017/7/13 15:00	121.09 	21.24 	30.62 	0.04 	34.30 	0.1 	2.8 	0.5 		
2017/7/13 15:05	121.10 	21.25 	30.58 	0.05 	34.30 	0.2 	2.8 	0.9 		
2017/7/13 15:10	121.11 	21.26 	30.55 	0.05 	34.33 	0.2 	2.8 	0.9 		
2017/7/13 15:15	121.13 	21.26 	30.57 	0.06 	34.33 	0.1 	2.8 	0.6 		
2017/7/13 15:20	121.14 	21.27 	30.59 	0.07 	34.33 	0.2 	2.8 	0.6 		
2017/7/13 15:25	121.16 	21.27 	30.63 	0.08 	34.33 	0.2 	2.8 	0.7 		
2017/7/13 15:30	121.17 	21.28 	30.67 	0.07 	34.33 	0.1 	2.8 	0.5 		
2017/7/13 15:35	121.19 	21.28 	30.70 	0.07 	34.32 	0.1 	2.8 	0.6 		
2017/7/13 15:40	121.21 	21.29 	30.74 	0.07 	34.32 	0.1 	2.8 	0.6 		
2017/7/13 15:45	121.22 	21.29 	30.75 	0.06 	34.32 	0.2 	2.8 	0.7 		
2017/7/13 15:50	121.24 	21.30 	30.76 	0.06 	34.32 	0.0 	2.8 	0.2 		
2017/7/13 15:55	121.25 	21.31 	30.80 	0.07 	34.32 	0.1 	2.9 	0.2 		
2017/7/13 16:00	121.27 	21.31 	30.85 	0.06 	34.33 	0.2 	2.9 	0.6 		
2017/7/13 16:05	121.29 	21.32 	30.87 	0.06 	34.34 	0.0 	2.9 	0.0 		
2017/7/13 16:10	121.30 	21.33 	30.90 	0.06 	34.36 	0.1 	2.9 	0.3 		
2017/7/13 16:15	121.32 	21.33 	30.94 	0.07 	34.37 	0.0 	2.9 	0.0 		
2017/7/13 16:20	121.33 	21.34 	30.95 	0.06 	34.37 	0.1 	2.9 	0.2 		
2017/7/13 16:25	121.35 	21.35 	30.85 	0.03 	34.37 	0.0 	2.9 	-0.1 		
2017/7/13 16:30	121.37 	21.35 	30.59 		34.37 	0.2 	2.8 	0.6 		
2017/7/13 16:35	121.38 	21.36 	30.39 	0.02 	34.40 	0.3 	2.8 	1.1 		
2017/7/13 16:40	121.40 	21.36 	30.30 	0.05 	34.40 	0.4 	2.8 	1.5 		
2017/7/13 16:45	121.41 	21.37 	30.19 	0.05 	34.40 	0.5 	2.8 	1.8 		
2017/7/13 16:50	121.43 	21.37 	30.12 	0.05 	34.41 	0.6 	2.8 	2.3 		
2017/7/13 16:55	121.44 	21.38 	30.20 	0.09 	34.43 	0.4 	2.7 	1.4 		
2017/7/13 17:00	121.46 	21.38 	30.31 	0.10 	34.43 	0.3 	2.7 	1.2 		
2017/7/13 17:05	121.48 	21.39 	30.37 	0.09 	34.42 	0.4 	2.7 	1.3 		
2017/7/13 17:10	121.49 	21.40 	30.41 	0.09 	34.41 	0.4 	2.7 	1.4 		
2017/7/13 17:15	121.51 	21.40 	30.44 	0.09 	34.39 	0.3 	2.7 	1.3 		
2017/7/13 17:20	121.52 	21.41 	30.50 	0.09 	34.40 	0.4 	2.7 	1.6 		
2017/7/13 17:25	121.54 	21.42 	30.60 	0.09 	34.41 	0.3 	2.7 	1.2 		
2017/7/13 17:30	121.55 	21.42 	30.66 	0.08 	34.41 	0.3 	2.7 	1.2 		
2017/7/13 17:35	121.57 	21.43 	30.63 	0.06 	34.38 	0.4 	2.7 	1.4 		
2017/7/13 17:40	121.58 	21.43 	30.52 	0.04 	34.37 	0.5 	2.7 	1.9 		
2017/7/13 17:45	121.59 	21.44 	30.46 	0.05 	34.36 	0.5 	2.7 	1.7 		
2017/7/13 17:50	121.61 	21.44 	30.36 	0.05 	34.35 	0.8 	2.7 	3.2 		
2017/7/13 17:55	121.62 	21.45 	30.27 	0.05 	34.35 	0.9 	2.7 	3.3 		
2017/7/13 18:00	121.63 	21.45 	30.26 	0.07 	34.36 	0.9 	2.7 	3.2 		
2017/7/13 18:05	121.65 	21.46 	30.29 	0.08 	34.33 	0.9 	2.7 	3.3 		
2017/7/13 18:10	121.66 	21.46 	30.30 	0.08 	34.32 	0.8 	2.7 	3.1 		
2017/7/13 18:15	121.67 	21.47 	30.30 	0.07 	34.31 	0.9 	2.7 	3.3 		
2017/7/13 18:20	121.68 	21.47 	30.32 	0.08 	34.31 	0.8 	2.7 	3.1 		
2017/7/13 18:25	121.70 	21.48 	30.39 	0.09 	34.29 	0.8 	2.7 	2.8 		
2017/7/13 18:30	121.71 	21.48 	30.42 	0.08 	34.29 	0.8 	2.7 	3.1 		
2017/7/13 18:35	121.72 	21.49 	30.42 	0.07 	34.28 	0.7 	2.7 	2.8 		
2017/7/13 18:40	121.73 	21.50 	30.38 	0.07 	34.30 	0.6 	2.7 	2.1 		
2017/7/13 18:45	121.75 	21.50 	30.21 	0.04 	34.34 	0.4 	2.7 	1.5 		
2017/7/13 18:50	121.76 	21.51 	30.01 	0.03 	34.37 	0.7 	2.6 	2.4 		
2017/7/13 18:55	121.78 	21.51 	29.87 	0.05 	34.41 	0.7 	2.6 	2.5 		
2017/7/13 19:00	121.79 	21.52 	29.89 	0.08 	34.44 	0.7 	2.6 	2.7 		
2017/7/13 19:05	121.81 	21.52 	29.93 	0.09 	34.44 	0.7 	2.6 	2.8 		
2017/7/13 19:10	121.82 	21.53 	29.95 	0.09 	34.44 	0.7 	2.6 	2.6 		
2017/7/13 19:15	121.84 	21.54 	29.99 	0.09 	34.45 	0.6 	2.6 	2.4 		
2017/7/13 19:20	121.85 	21.54 	30.01 	0.09 	34.47 	0.6 	2.6 	2.2 		
2017/7/13 19:25	121.87 	21.55 	30.07 	0.09 	34.50 	0.7 	2.6 	2.7 		
2017/7/13 19:30	121.88 	21.56 	30.14 	0.09 	34.50 	0.7 	2.7 	2.5 		
2017/7/13 19:35	121.89 	21.56 	30.33 	0.11 	34.52 	0.7 	2.7 	2.5 		
2017/7/13 19:40	121.91 	21.57 	30.44 	0.10 	34.49 	0.6 	2.7 	2.1 		
2017/7/13 19:45	121.92 	21.57 	30.47 	0.09 	34.48 	0.7 	2.7 	2.5 		
2017/7/13 19:50	121.94 	21.58 	30.49 	0.08 	34.47 	0.8 	2.7 	3.1 		
2017/7/13 19:55	121.95 	21.58 	30.36 	0.05 	34.48 	0.9 	2.7 	3.4 		
2017/7/13 20:00	121.96 	21.59 	30.26 	0.05 	34.52 	1.1 	2.7 	4.0 		
2017/7/13 20:05	121.98 	21.59 	30.13 	0.04 	34.53 	1.1 	2.7 	4.0 		
2017/7/13 20:10	121.99 	21.60 	29.93 	0.04 	34.53 	1.3 	2.6 	4.9 		
2017/7/13 20:15	122.00 	21.61 	29.98 	0.08 	34.57 	1.0 	2.6 	3.6 		
2017/7/13 20:20	122.02 	21.61 	30.20 	0.11 	34.56 	0.8 	2.7 	3.0 		
2017/7/13 20:25	122.03 	21.62 	30.40 	0.11 	34.54 	0.7 	2.7 	2.4 		
2017/7/13 20:30	122.05 	21.63 	30.53 	0.10 	34.51 	0.6 	2.5 	2.2 		
2017/7/13 20:35	122.06 	21.63 	30.61 	0.09 	34.50 	0.5 	2.5 	1.7 		
2017/7/13 20:40	122.08 	21.64 	30.68 	0.08 	34.49 	0.5 	2.5 	1.9 		
2017/7/13 20:45	122.09 	21.64 	30.71 	0.07 	34.48 	0.6 	2.5 	2.0 		
2017/7/13 20:50	122.10 	21.65 	30.73 	0.06 	34.47 	0.5 	2.5 	1.9 		
2017/7/13 20:55	122.12 	21.65 	30.73 	0.05 	34.47 	0.6 	2.5 	2.1 		
2017/7/13 21:00	122.14 	21.66 	30.75 	0.06 	34.47 	0.5 	2.6 	1.8 		
2017/7/13 21:05	122.15 	21.66 	30.78 	0.06 	34.46 	0.6 	2.6 	2.0 		
2017/7/13 21:10	122.17 	21.67 	30.80 	0.05 	34.46 	0.5 	2.6 	1.6 		
2017/7/13 21:15	122.18 	21.68 	30.82 	0.06 	34.46 	0.5 	2.6 	1.7 		
2017/7/13 21:20	122.20 	21.68 	30.85 	0.06 	34.46 	0.5 	2.6 	1.8 		
2017/7/13 21:25	122.21 	21.69 	30.86 	0.06 	34.46 	0.5 	2.6 	1.7 		
2017/7/13 21:30	122.23 	21.69 	30.86 	0.05 	34.46 	0.5 	2.6 	1.8 		
2017/7/13 21:35	122.24 	21.70 	30.86 	0.05 	34.45 	-0.1 	2.6 	-0.4 		
2017/7/13 21:40	122.26 	21.70 	30.84 	0.04 	34.45 	0.0 	2.6 	-0.1 		
2017/7/13 21:45	122.28 	21.71 	30.80 	0.04 	34.44 	0.0 	2.5 	0.0 		
2017/7/13 21:50	122.29 	21.71 	30.79 	0.04 	34.45 	0.1 	2.5 	0.2 		
2017/7/13 21:55	122.31 	21.72 	30.77 	0.05 	34.44 	-0.1 	2.5 	-0.2 		
2017/7/13 22:00	122.32 	21.73 	30.77 	0.05 	34.45 	0.1 	2.5 	0.2 		
2017/7/13 22:05	122.34 	21.73 	30.79 	0.05 	34.44 	-0.1 	2.5 	-0.3 		
2017/7/13 22:10	122.35 	21.74 	30.78 	0.05 	34.44 	0.1 	2.5 	0.3 		
2017/7/13 22:15	122.37 	21.75 	30.77 	0.05 	34.44 	0.1 	2.5 	0.3 		
2017/7/13 22:20	122.38 	21.75 	30.77 	0.05 	34.45 	0.1 	2.6 	0.3 		
2017/7/13 22:25	122.40 	21.76 	30.77 	0.05 	34.45 	0.0 	2.6 	0.0 		
2017/7/13 22:30	122.41 	21.77 	30.78 	0.05 	34.45 	0.0 	2.6 	0.1 		
2017/7/13 22:35	122.43 	21.77 	30.80 	0.05 	34.45 	-0.1 	2.6 	-0.2 		
2017/7/13 22:40	122.44 	21.78 	30.81 	0.05 	34.45 	0.1 	2.6 	0.5 		
2017/7/13 22:45	122.46 	21.79 	30.80 	0.05 	34.45 	0.0 	2.6 	0.2 		
2017/7/13 22:50	122.47 	21.79 	30.84 	0.05 	34.47 	0.1 	2.6 	0.3 		
2017/7/13 22:55	122.49 	21.80 	30.89 	0.06 	34.47 	0.0 	2.6 	0.1 		
2017/7/13 23:00	122.50 	21.81 	30.84 	0.04 	34.45 	0.2 	2.6 	0.8 		
2017/7/13 23:05	122.52 	21.81 	30.77 	0.03 	34.45 	0.2 	2.6 	0.7 		
2017/7/13 23:10	122.53 	21.82 	30.79 	0.04 	34.46 	0.2 	2.6 	0.5 		
2017/7/13 23:15	122.55 	21.82 	30.85 	0.06 	34.45 	0.0 	2.6 	-0.1 		
2017/7/13 23:20	122.56 	21.83 	30.89 	0.06 	34.45 	0.1 	2.6 	0.3 		
2017/7/13 23:25	122.58 	21.84 	30.91 	0.05 	34.46 	0.0 	2.6 	-0.1 		
2017/7/13 23:30	122.60 	21.84 	30.89 	0.04 	34.46 	0.1 	2.6 	0.4 		
2017/7/13 23:35	122.61 	21.85 	30.88 	0.04 	34.46 	0.0 	2.6 	0.1 		
2017/7/13 23:40	122.63 	21.85 	30.89 	0.04 	34.47 	0.0 	2.6 	-0.1 		
2017/7/13 23:45	122.64 	21.86 	30.93 	0.05 	34.49 	0.1 	2.6 	0.4 		
2017/7/13 23:50	122.66 	21.87 	30.96 	0.06 	34.49 	0.0 	2.6 	0.1 		
2017/7/13 23:55	122.67 	21.87 	30.96 	0.05 	34.48 	0.0 	2.6 	0.1 		
2017/7/14 0:00	122.69 	21.88 	30.93 	0.04 	34.48 	0.1 	2.4 	0.3 		
2017/7/14 0:05	122.70 	21.88 	30.90 	0.04 	34.48 	0.1 	2.4 	0.3 		
2017/7/14 0:10	122.72 	21.89 	30.88 	0.03 	34.48 	0.2 	2.4 	0.6 		
2017/7/14 0:15	122.74 	21.89 	30.90 	0.05 	34.49 	0.2 	2.4 	0.6 		
2017/7/14 0:20	122.75 	21.90 	30.92 	0.06 	34.48 	0.1 	2.4 	0.3 		
2017/7/14 0:25	122.77 	21.91 	30.92 	0.05 	34.48 	0.2 	2.4 	0.7 		
2017/7/14 0:30	122.78 	21.91 	30.91 	0.05 	34.48 	0.2 	2.4 	0.7 		
2017/7/14 0:35	122.80 	21.92 	30.91 	0.04 	34.48 	0.2 	2.4 	0.6 		
2017/7/14 0:40	122.82 	21.92 	30.94 	0.05 	34.48 	0.2 	2.4 	0.7 		
2017/7/14 0:45	122.83 	21.93 	30.98 	0.06 	34.47 	0.2 	2.4 	0.6 		
2017/7/14 0:50	122.85 	21.93 	31.00 	0.06 	34.46 	0.1 	2.4 	0.4 		
2017/7/14 0:55	122.86 	21.94 	30.99 	0.05 	34.45 	0.2 	2.4 	0.6 		
2017/7/14 1:00	122.88 	21.95 	30.99 	0.05 	34.43 	0.2 	2.4 	0.8 		
2017/7/14 1:05	122.90 	21.95 	30.99 	0.05 	34.42 	0.2 	2.4 	0.7 		
2017/7/14 1:10	122.92 	21.96 	31.00 	0.05 	34.40 	0.3 	2.4 	1.0 		
2017/7/14 1:15	122.93 	21.97 	31.01 	0.05 	34.38 	0.2 	2.4 	0.8 		
2017/7/14 1:20	122.95 	21.97 	31.01 	0.05 	34.37 	0.4 	2.4 	1.3 		
2017/7/14 1:25	122.97 	21.98 	31.03 	0.05 	34.36 	0.3 	2.4 	0.9 		
2017/7/14 1:30	122.98 	21.99 	31.04 	0.05 	34.35 	0.3 	2.4 	1.1 		
2017/7/14 1:35	123.00 	21.99 	31.03 	0.04 	34.34 	0.3 	2.4 	1.1 		
2017/7/14 1:40	123.00 	22.00 	31.03 	0.04 	34.34 	0.5 	2.4 	1.6 		
2017/7/14 5:50	123.10 	22.08 	30.98 	0.04 	34.38 	0.4 	2.4 	1.5 		
2017/7/14 5:55	123.09 	22.08 	30.98 	0.05 	34.38 	0.4 	2.4 	1.5 		
2017/7/14 6:00	123.08 	22.07 	30.99 	0.05 	34.39 	0.7 	2.4 	2.2 		
2017/7/14 6:05	123.07 	22.06 	30.97 	0.05 	34.39 	0.6 	2.4 	1.9 		
2017/7/14 6:10	123.07 	22.06 	30.95 	0.05 	34.38 	0.6 	2.4 	2.0 		
2017/7/14 6:15	123.06 	22.05 	30.94 	0.04 	34.38 	0.6 	2.4 	2.1 		
2017/7/14 6:20	123.05 	22.04 	30.93 	0.04 	34.38 	0.6 	2.4 	2.0 		
2017/7/14 6:25	123.04 	22.03 	30.93 	0.04 	34.38 	0.6 	2.4 	2.0 		
2017/7/14 6:30	123.03 	22.02 	30.92 	0.05 	34.39 	0.7 	2.4 	2.2 		
2017/7/14 6:35	123.02 	22.02 	30.92 	0.04 	34.39 	0.8 	2.4 	2.7 		
2017/7/14 6:40	123.01 	22.01 	30.90 	0.04 	34.38 	0.8 	2.4 	2.8 		
2017/7/14 6:45	123.00 	22.00 	30.90 	0.05 	34.38 	0.7 	2.4 	2.3 		
2017/7/14 6:50	122.99 	21.99 	30.92 	0.05 	34.38 	0.7 	2.4 	2.2 		
2017/7/14 6:55	122.98 	21.99 	30.95 	0.06 	34.38 	0.7 	2.4 	2.4 		
2017/7/14 7:00	122.97 	21.98 	30.97 	0.05 	34.38 	0.6 	2.4 	2.2 		
2017/7/15 19:15	123.03 	22.16 	31.11 	0.04 	34.20 	0.2 	2.5 	0.6 		
2017/7/15 19:40	123.04 	22.15 	31.11 	0.05 	34.20 	0.1 	2.5 	0.3 		
2017/7/15 19:45	123.04 	22.14 	31.11 	0.05 	34.20 	0.1 	2.5 	0.4 		
2017/7/15 19:50	123.04 	22.13 	31.10 	0.05 	34.19 	0.2 	2.5 	0.7 		
2017/7/15 19:55	123.05 	22.12 	31.09 	0.05 	34.20 	0.2 	2.7 	0.8 		
2017/7/15 20:00	123.05 	22.11 	31.07 	0.05 	34.22 	0.3 	2.7 	1.0 		
2017/7/15 20:20	123.08 	22.07 	31.03 	0.04 	34.23 	0.4 	2.7 	1.4 		
2017/7/15 20:25	123.08 	22.06 	31.00 	0.04 	34.23 	0.4 	2.7 	1.7 		
2017/7/15 20:45	123.11 	22.01 	30.84 	0.03 	34.29 	0.5 	2.7 	2.0 		
2017/7/15 20:50	123.12 	22.00 	30.77 	0.04 	34.29 	0.5 	2.7 	2.1 		
2017/7/15 20:55	123.12 	21.99 	30.72 	0.04 	34.27 	0.5 	2.7 	2.0 		
2017/7/15 21:00	123.13 	21.98 	30.68 	0.05 	34.26 	0.7 	2.7 	2.5 		
2017/7/15 21:05	123.14 	21.97 	30.66 	0.05 	34.27 	0.6 	2.7 	2.4 		
2017/7/15 21:10	123.14 	21.96 	30.65 	0.06 	34.27 	0.6 	2.7 	2.2 		
2017/7/15 21:15	123.15 	21.95 	30.65 	0.05 	34.26 	0.7 	2.7 	2.4 		
2017/7/15 21:20	123.15 	21.94 	30.64 	0.05 	34.26 	0.6 	2.7 	2.4 		
2017/7/15 21:25	123.16 	21.92 	30.64 	0.06 	34.25 	0.6 	2.7 	2.1 		
2017/7/15 21:30	123.17 	21.91 	30.64 	0.06 	34.25 	0.6 	2.7 	2.1 		
2017/7/15 21:35	123.17 	21.90 	30.64 	0.06 	34.25 	0.6 	2.7 	2.4 		
2017/7/15 21:40	123.18 	21.89 	30.63 	0.06 	34.24 	0.8 	2.7 	2.9 		
2017/7/15 21:45	123.18 	21.88 	30.63 	0.06 	34.24 	0.7 	2.7 	2.7 		
2017/7/15 21:50	123.19 	21.87 	30.62 	0.06 	34.24 	0.7 	2.8 	2.9 		
2017/7/15 21:55	123.20 	21.86 	30.62 	0.06 	34.25 	0.8 	2.8 	3.1 		
2017/7/15 22:00	123.20 	21.85 	30.61 	0.06 	34.24 	0.8 	2.8 	3.0 		
2017/7/15 22:05	123.21 	21.84 	30.61 	0.06 	34.24 	0.8 	2.8 	3.1 		
2017/7/15 22:10	123.22 	21.83 	30.61 	0.06 	34.24 	0.8 	2.8 	3.2 		
2017/7/15 22:15	123.23 	21.82 	30.61 	0.06 	34.24 	0.8 	2.8 	3.1 		
2017/7/15 22:20	123.23 	21.81 	30.60 	0.06 	34.23 	0.8 	2.8 	3.2 		
2017/7/15 22:25	123.24 	21.79 	30.61 	0.06 	34.23 	0.9 	2.8 	3.4 		
2017/7/15 22:30	123.25 	21.78 	30.61 	0.07 	34.23 	0.8 	2.8 	3.0 		
2017/7/15 22:35	123.25 	21.77 	30.62 	0.07 	34.24 	0.8 	2.8 	3.1 		
2017/7/15 22:40	123.26 	21.76 	30.62 	0.07 	34.23 	0.7 	2.8 	2.9 		
2017/7/15 22:45	123.27 	21.75 	30.63 	0.06 	34.23 	0.9 	2.8 	3.4 		
2017/7/15 22:50	123.27 	21.74 	30.63 	0.06 	34.23 	0.7 	2.8 	2.9 		
2017/7/15 22:55	123.28 	21.73 	30.63 	0.06 	34.23 	0.8 	2.8 	3.0 		
2017/7/15 23:00	123.29 	21.72 	30.65 	0.07 	34.23 	0.7 	2.8 	2.8 		
2017/7/15 23:05	123.29 	21.71 	30.66 	0.06 	34.24 	0.9 	2.8 	3.5 		
2017/7/15 23:10	123.30 	21.70 	30.67 	0.06 	34.25 	0.8 	2.8 	3.0 		
2017/7/15 23:15	123.31 	21.69 	30.66 	0.05 	34.25 	0.8 	2.8 	3.1 		
2017/7/15 23:20	123.31 	21.68 	30.66 	0.06 	34.26 	0.9 	2.8 	3.4 		
2017/7/15 23:25	123.32 	21.67 	30.68 	0.06 	34.28 	0.8 	2.8 	3.3 		
2017/7/15 23:30	123.32 	21.66 	30.70 	0.07 	34.29 	0.8 	2.8 	3.2 		
2017/7/15 23:35	123.33 	21.65 	30.71 	0.06 	34.31 	0.7 	2.8 	2.9 		
2017/7/15 23:40	123.34 	21.64 	30.72 	0.06 	34.33 	0.8 	2.8 	3.2 		
2017/7/15 23:45	123.34 	21.62 	30.73 	0.06 	34.34 	0.7 	3.0 	2.7 		
2017/7/15 23:50	123.35 	21.61 	30.74 	0.06 	34.36 	0.6 	3.0 	2.4 		
2017/7/15 23:55	123.35 	21.60 	30.75 	0.06 	34.37 	0.4 	3.0 	1.8 		
2017/7/16 0:00	123.36 	21.59 	30.76 	0.06 	34.37 	0.4 	3.0 	1.8 		
2017/7/16 0:05	123.36 	21.58 	30.78 	0.05 	34.38 	0.4 	3.0 	1.6 		
2017/7/16 0:10	123.37 	21.57 	30.79 	0.04 	34.38 	0.3 	3.0 	1.3 		
2017/7/16 0:15	123.38 	21.56 	30.79 	0.06 	34.39 	0.3 	2.9 	1.3 		
2017/7/16 0:20	123.38 	21.55 	30.80 	0.05 	34.39 	0.3 	2.9 	1.1 		
2017/7/16 0:25	123.39 	21.54 	30.81 	0.05 	34.38 	0.2 	2.9 	0.9 		
2017/7/16 0:30	123.39 	21.53 	30.82 	0.04 	34.38 	0.2 	2.9 	0.8 		
2017/7/16 0:35	123.40 	21.52 	30.83 	0.05 	34.38 	0.2 	2.9 	1.0 		
2017/7/16 0:40	123.40 	21.51 	30.83 	0.05 	34.39 	0.2 	2.9 	0.8 		
2017/7/16 0:45	123.41 	21.50 	30.84 	0.04 	34.39 	0.2 	2.9 	0.8 		
2017/7/16 0:50	123.41 	21.49 	30.85 	0.05 	34.42 	0.3 	2.9 	1.1 		
2017/7/16 0:55	123.42 	21.48 	30.86 	0.05 	34.44 	0.3 	2.9 	1.0 		
2017/7/16 1:00	123.43 	21.47 	30.86 	0.04 	34.45 	0.2 	2.9 	0.9 		
2017/7/16 1:05	123.43 	21.45 	30.84 	0.05 	34.45 	0.2 	2.9 	0.9 		
2017/7/16 1:10	123.44 	21.44 	30.84 	0.05 	34.44 	0.2 	2.9 	0.6 		
2017/7/16 1:15	123.44 	21.43 	30.83 	0.04 	34.43 	0.3 	2.9 	1.1 		
2017/7/16 1:20	123.45 	21.42 	30.82 	0.05 	34.41 	0.3 	2.9 	1.1 		
2017/7/16 1:25	123.46 	21.41 	30.81 	0.05 	34.39 	0.2 	2.9 	1.0 		
2017/7/16 1:30	123.46 	21.40 	30.80 	0.04 	34.38 	0.3 	2.9 	1.4 		
2017/7/16 1:35	123.47 	21.39 	30.80 	0.04 	34.37 	0.4 	2.9 	1.5 		
2017/7/16 1:40	123.48 	21.38 	30.81 	0.05 	34.37 	0.4 	2.9 	1.5 		
2017/7/16 1:45	123.48 	21.37 	30.82 	0.05 	34.37 	0.4 	2.9 	1.6 		
2017/7/16 1:50	123.49 	21.36 	30.82 	0.05 	34.37 	0.4 	2.9 	1.5 		
2017/7/16 1:55	123.50 	21.35 	30.81 	0.04 	34.36 	0.4 	2.9 	1.5 		
2017/7/16 2:00	123.50 	21.34 	30.80 	0.04 	34.35 	0.4 	2.9 	1.5 		
2017/7/16 2:05	123.51 	21.33 	30.80 	0.04 	34.35 	0.3 	2.9 	1.4 		
2017/7/16 2:10	123.51 	21.32 	30.79 	0.04 	34.35 	0.4 	2.9 	1.5 		
2017/7/16 2:15	123.52 	21.30 	30.79 	0.05 	34.36 	0.3 	2.9 	1.4 		
2017/7/16 2:20	123.53 	21.29 	30.78 	0.05 	34.36 	0.4 	2.9 	1.7 		
2017/7/16 2:25	123.53 	21.28 	30.77 	0.05 	34.37 	0.5 	2.9 	2.0 		
2017/7/16 2:30	123.54 	21.27 	30.76 	0.05 	34.37 	0.4 	2.9 	1.7 		
2017/7/16 2:35	123.55 	21.26 	30.76 	0.05 	34.38 	0.5 	2.9 	2.0 		
2017/7/16 2:40	123.55 	21.25 	30.75 	0.04 	34.38 	0.4 	2.9 	1.8 		
2017/7/16 2:45	123.56 	21.24 	30.74 	0.05 	34.40 	0.4 	2.9 	1.6 		
2017/7/16 2:50	123.56 	21.23 	30.75 	0.05 	34.41 	0.3 	2.9 	1.4 		
2017/7/16 2:55	123.57 	21.22 	30.76 	0.05 	34.42 	0.3 	2.9 	1.3 		
2017/7/16 3:00	123.58 	21.21 	30.76 	0.05 	34.43 	0.3 	2.9 	1.2 		
2017/7/16 3:05	123.57 	21.20 	30.76 	0.05 	34.44 	0.2 	2.9 	0.9 		
2017/7/16 3:10	123.56 	21.20 	30.77 	0.06 	34.47 	0.3 	2.9 	1.3 		
2017/7/16 3:15	123.55 	21.20 	30.77 	0.05 	34.47 	0.4 	2.9 	1.7 		
2017/7/16 3:20	123.54 	21.20 	30.76 	0.04 	34.46 	0.4 	2.9 	1.5 		
2017/7/16 3:25	123.53 	21.20 	30.75 	0.05 	34.45 	0.4 	2.9 	1.5 		
2017/7/16 3:30	123.51 	21.20 	30.75 	0.05 	34.44 	0.5 	2.9 	2.0 		
2017/7/16 3:35	123.50 	21.20 	30.74 	0.05 	34.42 	0.4 	2.9 	1.8 		
2017/7/16 3:40	123.49 	21.20 	30.73 	0.05 	34.40 	0.4 	2.9 	1.8 		
2017/7/16 3:45	123.48 	21.20 	30.72 	0.05 	34.38 	0.6 	2.9 	2.3 		
2017/7/16 3:50	123.47 	21.20 	30.71 	0.05 	34.37 	0.7 	2.9 	2.7 		
2017/7/16 3:55	123.45 	21.20 	30.70 	0.05 	34.35 	0.8 	2.9 	3.2 		
2017/7/16 4:00	123.44 	21.20 	30.67 	0.05 	34.33 	0.8 	2.9 	3.4 		
2017/7/16 4:05	123.43 	21.20 	30.66 	0.06 	34.33 	1.2 	2.9 	4.8 		
2017/7/16 4:10	123.42 	21.20 	30.63 	0.05 	34.32 	1.2 	2.9 	4.7 		
2017/7/16 4:15	123.40 	21.20 	30.60 	0.05 	34.32 	1.1 	2.9 	4.6 		
2017/7/16 4:20	123.39 	21.20 	30.57 	0.06 	34.32 	1.3 	2.9 	5.4 		
2017/7/16 4:25	123.38 	21.20 	30.55 	0.06 	34.34 	1.3 	2.9 	5.4 		
2017/7/16 4:30	123.37 	21.20 	30.52 	0.05 	34.34 	1.3 	3.0 	5.7 		
2017/7/16 4:35	123.35 	21.20 	30.50 	0.06 	34.35 	1.3 	3.0 	5.5 		
2017/7/16 4:40	123.34 	21.20 	30.49 	0.07 	34.35 	1.3 	3.0 	5.3 		
2017/7/16 4:45	123.33 	21.20 	30.48 	0.07 	34.35 	1.3 	3.0 	5.5 		
2017/7/16 4:50	123.32 	21.20 	30.46 	0.07 	34.35 	1.3 	3.0 	5.4 		
2017/7/16 4:55	123.30 	21.20 	30.46 	0.07 	34.36 	1.2 	3.0 	5.2 		
2017/7/16 5:00	123.29 	21.20 	30.45 	0.07 	34.36 	1.1 	3.0 	4.5 		
2017/7/16 5:05	123.28 	21.20 	30.45 	0.07 	34.35 	1.0 	3.0 	4.1 		
2017/7/16 5:10	123.27 	21.20 	30.46 	0.07 	34.35 	0.9 	3.0 	3.7 		
2017/7/16 5:15	123.25 	21.20 	30.48 	0.08 	34.35 	0.8 	3.0 	3.2 		
2017/7/16 5:20	123.24 	21.20 	30.51 	0.08 	34.36 	0.7 	3.0 	2.8 		
2017/7/16 5:25	123.23 	21.20 	30.54 	0.08 	34.37 	0.6 	3.0 	2.6 		
2017/7/16 5:30	123.21 	21.20 	30.57 	0.08 	34.38 	0.5 	3.0 	2.2 		
2017/7/16 5:35	123.20 	21.20 	30.59 	0.07 	34.39 	0.5 	3.0 	2.1 		
2017/7/16 5:40	123.19 	21.20 	30.60 	0.06 	34.40 	0.4 	3.0 	1.9 		
2017/7/16 5:45	123.17 	21.20 	30.60 	0.06 	34.40 	0.5 	3.0 	2.0 		
2017/7/16 5:50	123.16 	21.20 	30.59 	0.06 	34.41 	0.4 	3.0 	1.8 		
2017/7/16 5:55	123.15 	21.20 	30.57 	0.06 	34.42 	0.5 	3.0 	2.1 		
2017/7/16 6:00	123.14 	21.20 	30.56 	0.06 	34.44 	0.6 	3.0 	2.4 		
2017/7/16 6:05	123.13 	21.20 	30.56 	0.06 	34.46 	0.5 	3.0 	2.3 		
2017/7/16 6:10	123.11 	21.20 	30.56 	0.06 	34.48 	0.6 	3.1 	2.5 		
2017/7/16 6:15	123.10 	21.20 	30.57 	0.06 	34.51 	0.5 	3.1 	2.1 		
2017/7/16 6:20	123.09 	21.20 	30.60 	0.06 	34.53 	0.4 	3.1 	1.6 		
2017/7/16 6:25	123.08 	21.20 	30.60 	0.07 	34.54 	0.5 	3.1 	2.1 		
2017/7/16 6:30	123.07 	21.20 	30.59 	0.06 	34.53 	0.4 	3.1 	1.8 		
2017/7/16 6:35	123.05 	21.20 	30.57 	0.05 	34.53 	0.4 	3.1 	1.7 		
2017/7/16 6:40	123.04 	21.20 	30.57 	0.06 	34.53 	0.4 	3.1 	1.9 		
2017/7/16 6:45	123.03 	21.20 	30.58 	0.06 	34.54 	0.4 	3.1 	1.6 		
2017/7/16 6:50	123.02 	21.20 	30.59 	0.07 	34.53 	0.3 	3.1 	1.5 		
2017/7/16 6:55	123.01 	21.20 	30.58 	0.07 	34.53 	0.3 	3.1 	1.3 		
2017/7/16 7:00	122.99 	21.20 	30.57 	0.05 	34.53 	0.5 	3.1 	2.3 		
2017/7/16 7:05	122.98 	21.20 	30.57 	0.06 	34.52 	0.5 	3.1 	2.0 		
2017/7/16 7:10	122.97 	21.20 	30.56 	0.06 	34.52 	0.4 	3.1 	1.9 		
2017/7/16 7:15	122.96 	21.20 	30.57 	0.06 	34.52 	0.5 	3.1 	2.0 		
2017/7/16 7:20	122.95 	21.20 	30.58 	0.07 	34.52 	0.5 	3.1 	2.0 		
2017/7/16 7:25	122.94 	21.20 	30.59 	0.06 	34.52 	0.6 	3.1 	2.4 		
2017/7/16 7:30	122.92 	21.20 	30.59 	0.06 	34.52 	0.6 	3.1 	2.4 		
2017/7/16 7:35	122.91 	21.20 	30.58 	0.06 	34.52 	0.4 	3.1 	1.8 		
2017/7/16 7:40	122.90 	21.20 	30.57 	0.05 	34.53 	0.5 	3.1 	2.3 		
2017/7/16 7:45	122.89 	21.20 	30.57 	0.06 	34.53 	0.5 	3.1 	2.3 		
2017/7/16 7:50	122.88 	21.20 	30.57 	0.06 	34.54 	0.5 	3.1 	2.0 		
2017/7/16 7:55	122.87 	21.20 	30.57 	0.06 	34.54 	0.5 	3.1 	2.0 		
2017/7/16 8:00	122.85 	21.20 	30.56 	0.06 	34.54 	0.4 	3.9 	2.3 		
2017/7/16 8:05	122.84 	21.20 	30.55 	0.07 	34.53 	0.5 	3.9 	2.7 		
2017/7/16 8:10	122.83 	21.20 	30.55 	0.06 	34.53 	0.5 	3.9 	2.7 		
2017/7/16 8:15	122.82 	21.20 	30.54 	0.06 	34.52 	0.4 	3.9 	2.0 		
2017/7/16 8:20	122.81 	21.20 	30.51 	0.06 	34.52 	0.4 	3.9 	2.3 		
2017/7/16 8:25	122.80 	21.20 	30.48 	0.05 	34.51 	0.5 	3.9 	3.0 		
2017/7/16 8:30	122.78 	21.20 	30.46 	0.06 	34.52 	0.5 	3.9 	2.7 		
2017/7/16 8:35	122.77 	21.20 	30.47 	0.06 	34.52 	0.5 	3.9 	2.9 		
2017/7/16 8:40	122.76 	21.20 	30.48 	0.07 	34.53 	0.3 	3.9 	1.8 		
2017/7/16 8:45	122.75 	21.20 	30.48 	0.07 	34.53 	0.4 	3.9 	2.0 		
2017/7/16 9:00	122.71 	21.20 	30.54 	0.07 	34.53 	0.4 	3.9 	2.0 		
2017/7/16 9:05	122.70 	21.20 	30.55 	0.06 	34.52 	0.4 	3.9 	2.1 		
2017/7/16 9:10	122.69 	21.20 	30.55 	0.07 	34.52 	0.4 	3.9 	2.4 		
2017/7/16 9:15	122.68 	21.20 	30.55 	0.07 	34.52 	0.5 	3.9 	2.6 		
2017/7/16 9:20	122.67 	21.20 	30.55 	0.07 	34.52 	0.4 	3.9 	2.4 		
2017/7/16 9:25	122.65 	21.20 	30.54 	0.06 	34.51 	0.5 	3.9 	2.7 		
2017/7/16 9:30	122.64 	21.20 	30.52 	0.06 	34.51 	0.5 	3.9 	2.6 		
2017/7/16 9:35	122.63 	21.20 	30.51 	0.06 	34.50 	0.5 	3.9 	2.6 		
2017/7/16 9:40	122.62 	21.20 	30.49 	0.06 	34.50 	0.5 	3.9 	2.7 		
2017/7/16 9:45	122.61 	21.20 	30.48 	0.06 	34.50 	0.5 	3.9 	3.0 		
2017/7/16 9:50	122.60 	21.20 	30.47 	0.06 	34.49 	0.5 	3.9 	2.7 		
2017/7/16 9:55	122.59 	21.20 	30.46 	0.06 	34.49 	0.4 	3.9 	2.3 		
2017/7/16 10:00	122.57 	21.20 	30.46 	0.07 	34.48 	0.5 	3.9 	2.6 		
2017/7/16 10:05	122.56 	21.20 	30.46 	0.07 	34.48 	0.6 	3.9 	3.1 		
2017/7/16 10:10	122.55 	21.20 	30.47 	0.07 	34.47 	0.5 	3.9 	2.8 		
2017/7/16 10:15	122.54 	21.20 	30.48 	0.07 	34.46 	0.5 	3.9 	2.6 		
2017/7/16 10:20	122.53 	21.20 	30.47 	0.06 	34.45 	0.5 	3.9 	2.9 		
2017/7/16 10:25	122.52 	21.20 	30.47 	0.06 	34.45 	0.5 	3.9 	2.6 		
2017/7/16 10:30	122.51 	21.20 	30.47 	0.07 	34.45 	0.5 	3.9 	2.9 		
2017/7/16 10:35	122.50 	21.20 	30.46 	0.06 	34.45 	0.6 	3.9 	3.3 		
2017/7/16 10:40	122.48 	21.20 	30.43 	0.06 	34.44 	0.6 	3.9 	3.3 		
2017/7/16 10:45	122.47 	21.20 	30.36 	0.05 	34.43 	0.7 	3.9 	4.0 		
2017/7/16 10:50	122.46 	21.20 	30.33 	0.06 	34.44 	0.8 	3.9 	4.2 		
2017/7/16 10:55	122.45 	21.20 	30.33 	0.06 	34.45 	0.8 	3.9 	4.1 		
2017/7/16 11:00	122.44 	21.20 	30.35 	0.07 	34.45 	0.7 	3.9 	3.9 		
2017/7/16 11:05	122.43 	21.20 	30.38 	0.08 	34.46 	0.6 	3.9 	3.3 		
2017/7/16 11:10	122.41 	21.20 	30.40 	0.08 	34.46 	0.7 	3.9 	3.6 		
2017/7/16 11:15	122.40 	21.20 	30.41 	0.07 	34.46 	0.7 	3.9 	3.7 		
2017/7/16 11:20	122.39 	21.20 	30.41 	0.07 	34.46 	0.7 	3.9 	3.9 		
2017/7/16 11:25	122.38 	21.20 	30.41 	0.06 	34.45 	0.8 	3.9 	4.4 		
2017/7/16 11:30	122.37 	21.20 	30.39 	0.07 	34.45 	0.8 	3.9 	4.4 		
2017/7/16 11:35	122.35 	21.20 	30.35 	0.06 	34.45 	0.8 	3.9 	4.6 		
2017/7/16 11:40	122.34 	21.20 	30.32 	0.07 	34.44 	0.9 	3.9 	4.8 		
2017/7/16 11:45	122.33 	21.20 	30.29 	0.07 	34.43 	0.8 	3.9 	4.6 		
2017/7/16 11:50	122.32 	21.20 	30.28 	0.06 	34.43 	0.9 	3.9 	5.2 		
2017/7/16 11:55	122.31 	21.20 	30.27 	0.07 	34.43 	0.9 	3.9 	5.1 		
2017/7/16 12:00	122.30 	21.20 	30.28 	0.08 	34.43 	1.0 	3.9 	5.6 		
2017/7/16 12:05	122.28 	21.20 	30.28 	0.07 	34.42 	0.9 	3.9 	5.2 		
2017/7/16 12:10	122.27 	21.20 	30.29 	0.08 	34.41 	0.9 	3.9 	5.0 		
2017/7/16 12:15	122.26 	21.20 	30.27 	0.08 	34.40 	0.9 	3.9 	5.2 		
2017/7/16 12:20	122.25 	21.20 	30.23 	0.07 	34.38 	1.0 	3.9 	5.3 		
2017/7/16 21:30	120.78 	21.11 	30.22 	0.08 	33.73 	0.9 	3.4 	4.5 		
2017/7/16 21:35	120.77 	21.11 	30.27 	0.08 	33.63 	0.9 	3.4 	4.6 		
2017/7/16 21:40	120.75 	21.11 	30.32 	0.09 	33.58 	0.9 	3.4 	4.6 		
2017/7/16 21:45	120.74 	21.11 	30.36 	0.08 	33.55 	1.0 	3.4 	4.9 		
2017/7/16 21:50	120.72 	21.11 	30.38 	0.08 	33.54 	0.8 	3.4 	4.0 		
2017/7/16 21:55	120.71 	21.11 	30.40 	0.07 	33.55 	0.9 	3.5 	4.4 		
2017/7/16 22:00	120.69 	21.11 	30.41 	0.07 	33.57 	0.9 	3.5 	4.3 		
2017/7/16 22:05	120.68 	21.11 	30.41 	0.07 	33.59 	0.9 	3.5 	4.6 		
2017/7/16 22:10	120.67 	21.10 	30.41 	0.07 	33.61 	0.9 	3.5 	4.2 		
2017/7/16 22:15	120.65 	21.10 	30.40 	0.07 	33.64 	0.9 	3.5 	4.6 		
2017/7/16 22:20	120.64 	21.10 	30.37 	0.06 	33.67 	0.9 	3.5 	4.5 		
2017/7/16 22:25	120.62 	21.10 	30.33 	0.06 	33.71 	1.0 	3.2 	4.6 		
2017/7/16 22:30	120.60 	21.10 	30.30 	0.06 	33.74 	1.1 	3.2 	4.9 		
2017/7/16 22:35	120.59 	21.10 	30.29 	0.07 	33.76 	1.0 	3.3 	4.6 		
2017/7/16 22:40	120.57 	21.10 	30.27 	0.06 	33.77 	1.0 	3.3 	4.6 		
2017/7/16 22:45	120.56 	21.09 	30.25 	0.06 	33.78 	1.0 	3.3 	4.7 		
2017/7/16 22:50	120.54 	21.09 	30.23 	0.07 	33.80 	0.9 	3.3 	4.3 		
2017/7/16 22:55	120.53 	21.09 	30.20 	0.06 	33.81 	1.0 	3.3 	4.6 		
2017/7/16 23:00	120.51 	21.09 	30.15 	0.06 	33.84 	1.1 	3.2 	4.8 		
2017/7/16 23:05	120.50 	21.09 	30.08 	0.06 	33.94 	1.1 	3.2 	4.8 		
2017/7/16 23:10	120.49 	21.08 	30.05 	0.06 	34.01 	1.2 	3.2 	5.4 		
2017/7/16 23:15	120.47 	21.08 	30.01 	0.06 	34.07 	1.2 	3.2 	5.5 		
2017/7/16 23:20	120.46 	21.08 	29.97 	0.07 	34.11 	1.3 	3.2 	5.8 		
2017/7/16 23:25	120.45 	21.07 	29.95 	0.08 	34.12 	1.3 	3.2 	5.8 		
2017/7/16 23:30	120.43 	21.07 	29.95 	0.08 	34.13 	1.2 	3.2 	5.7 		
2017/7/16 23:35	120.42 	21.07 	29.96 	0.08 	34.13 	1.3 	3.2 	6.2 		
2017/7/16 23:40	120.41 	21.07 	30.00 	0.09 	34.08 	1.3 	3.2 	5.9 		
2017/7/16 23:45	120.39 	21.07 	30.04 	0.08 	34.00 	1.1 	3.2 	4.9 		
2017/7/16 23:50	120.38 	21.07 	30.08 	0.09 	33.94 	1.3 	3.2 	5.9 		
2017/7/16 23:55	120.37 	21.06 	30.11 	0.08 	33.90 	1.2 	3.3 	5.7 		
2017/7/17 0:00	120.36 	21.06 	30.14 	0.08 	33.85 	1.2 	3.3 	5.5 		
2017/7/17 0:05	120.34 	21.06 	30.17 	0.08 	33.80 	1.2 	3.3 	5.5 		
2017/7/17 0:10	120.33 	21.06 	30.19 	0.08 	33.75 	1.4 	3.3 	6.3 		
2017/7/17 0:15	120.32 	21.06 	30.21 	0.07 	33.72 	1.3 	3.3 	5.9 		
2017/7/17 0:20	120.30 	21.06 	30.21 	0.07 	33.69 	1.4 	3.3 	6.5 		
2017/7/17 0:25	120.29 	21.06 	30.21 	0.07 	33.68 	1.5 	3.2 	6.8 		
2017/7/17 0:30	120.28 	21.05 	30.20 	0.06 	33.65 	1.3 	3.2 	6.0 		
2017/7/17 0:35	120.27 	21.05 	30.20 	0.07 	33.63 	1.3 	3.2 	5.9 		
2017/7/17 0:40	120.25 	21.05 	30.22 	0.07 	33.60 	1.3 	3.2 	6.0 		
2017/7/17 0:45	120.24 	21.05 	30.24 	0.08 	33.59 	1.2 	3.2 	5.7 		
2017/7/17 0:50	120.23 	21.05 	30.26 	0.08 	33.56 	1.2 	3.2 	5.4 		
2017/7/17 0:55	120.22 	21.05 	30.29 	0.08 	33.55 	1.1 	3.2 	4.9 		
2017/7/17 1:00	120.20 	21.05 	30.32 	0.08 	33.56 	1.1 	3.2 	5.1 		
2017/7/17 1:05	120.19 	21.05 	30.35 	0.08 	33.58 	0.9 	3.2 	4.3 		
2017/7/17 1:10	120.18 	21.05 	30.36 	0.08 	33.60 	0.9 	3.2 	4.3 		
2017/7/17 1:15	120.16 	21.04 	30.37 	0.07 	33.62 	0.9 	3.2 	4.3 		
2017/7/17 1:20	120.15 	21.04 	30.37 	0.07 	33.63 	1.0 	3.2 	4.6 		
2017/7/17 1:25	120.14 	21.04 	30.37 	0.06 	33.64 	1.0 	3.2 	4.5 		
2017/7/17 1:30	120.13 	21.04 	30.37 	0.07 	33.64 	1.0 	3.2 	4.7 		
2017/7/17 1:35	120.11 	21.04 	30.37 	0.06 	33.64 	0.9 	3.0 	3.9 		
2017/7/17 1:40	120.10 	21.04 	30.37 	0.08 	33.65 	0.9 	3.0 	4.0 		
2017/7/17 1:45	120.09 	21.04 	30.37 	0.07 	33.65 	0.8 	3.0 	3.5 		
2017/7/17 1:50	120.07 	21.04 	30.38 	0.07 	33.66 	0.9 	3.0 	3.8 		
2017/7/17 1:55	120.06 	21.03 	30.38 	0.07 	33.66 	1.0 	3.0 	4.1 		
2017/7/17 2:00	120.05 	21.03 	30.38 	0.06 	33.67 	1.0 	3.0 	4.2 		
2017/7/17 2:05	120.03 	21.03 	30.37 	0.06 	33.67 	1.0 	3.0 	4.3 		
2017/7/17 2:10	120.02 	21.03 	30.36 	0.06 	33.65 	0.8 	3.0 	3.4 		
2017/7/17 2:15	120.01 	21.03 	30.35 	0.07 	33.65 	1.0 	3.0 	4.4 		
2017/7/17 2:20	120.00 	21.03 	30.34 	0.07 	33.66 	0.9 	3.0 	3.7 		
2017/7/17 2:25	119.98 	21.03 	30.34 	0.07 	33.68 	1.0 	3.0 	4.1 		
2017/7/17 2:30	119.97 	21.03 	30.33 	0.07 	33.71 	1.1 	2.9 	4.4 		
2017/7/17 2:35	119.96 	21.03 	30.34 	0.07 	33.75 	1.0 	2.9 	4.1 		
2017/7/17 2:40	119.94 	21.02 	30.34 	0.07 	33.78 	1.0 	2.9 	4.3 		
2017/7/17 2:45	119.93 	21.02 	30.35 	0.07 	33.80 	1.1 	2.9 	4.7 		
2017/7/17 2:50	119.92 	21.02 	30.34 	0.07 	33.81 	1.0 	3.1 	4.3 		
2017/7/17 2:55	119.91 	21.02 	30.34 	0.07 	33.82 	1.0 	3.0 	4.5 		
2017/7/17 3:00	119.89 	21.02 	30.33 	0.07 	33.82 	1.0 	3.0 	4.5 		
2017/7/17 3:05	119.88 	21.02 	30.33 	0.07 	33.82 	1.0 	3.0 	4.2 		
2017/7/17 3:10	119.87 	21.02 	30.32 	0.06 	33.83 	1.1 	2.8 	4.3 		
2017/7/17 3:15	119.85 	21.02 	30.31 	0.06 	33.83 	1.1 	2.7 	4.4 		
2017/7/17 3:20	119.84 	21.02 	30.27 	0.06 	33.77 	1.1 	2.7 	4.2 		
2017/7/17 3:25	119.83 	21.02 	30.25 	0.06 	33.77 	1.1 	2.7 	4.1 		
2017/7/17 3:30	119.81 	21.02 	30.23 	0.07 	33.77 	1.1 	2.7 	4.3 		
2017/7/17 3:35	119.80 	21.02 	30.23 	0.07 	33.78 	1.3 	2.7 	5.1 		
2017/7/17 3:40	119.79 	21.02 	30.23 	0.06 	33.79 	1.3 	2.7 	4.8 		
2017/7/17 3:45	119.78 	21.02 	30.23 	0.07 	33.82 	1.3 	2.7 	5.1 		
2017/7/17 3:50	119.76 	21.02 	30.25 	0.07 	33.86 	1.4 	2.7 	5.3 		
2017/7/17 3:55	119.75 	21.01 	30.26 	0.08 	33.89 	1.5 	2.7 	5.8 		
2017/7/17 4:00	119.74 	21.01 	30.27 	0.08 	33.90 	1.4 	2.7 	5.3 		
2017/7/17 4:05	119.72 	21.01 	30.29 	0.08 	33.92 	1.4 	2.7 	5.5 		
2017/7/17 4:10	119.71 	21.01 	30.30 	0.07 	33.92 	1.4 	2.7 	5.4 		
2017/7/17 4:15	119.70 	21.01 	30.30 	0.07 	33.92 	1.4 	2.7 	5.4 		
2017/7/17 4:20	119.69 	21.01 	30.29 	0.07 	33.90 	1.4 	2.7 	5.1 		
2017/7/17 4:25	119.68 	21.01 	30.29 	0.07 	33.90 	1.5 	2.7 	5.5 		
2017/7/17 4:30	119.66 	21.01 	30.29 	0.07 	33.89 	1.4 	2.7 	5.3 		
2017/7/17 4:35	119.65 	21.01 	30.29 	0.06 	33.89 	1.3 	2.7 	4.8 		
2017/7/17 4:40	119.64 	21.01 	30.29 	0.06 	33.89 	1.3 	2.7 	4.9 		
2017/7/17 4:45	119.63 	21.00 	30.30 	0.07 	33.87 	1.2 	2.7 	4.5 		
2017/7/17 4:50	119.61 	21.00 	30.30 	0.07 	33.84 	1.2 	2.4 	4.1 		
2017/7/17 4:55	119.60 	21.00 	30.30 	0.07 	33.81 	1.3 	2.4 	4.5 		
2017/7/18 5:10	119.05 	21.05 	30.23 	0.07 	33.60 	1.3 	2.4 	4.5 		
2017/7/18 5:15	119.06 	21.05 	30.24 	0.07 	33.60 	1.4 	2.4 	4.7 		
2017/7/18 5:20	119.07 	21.05 	30.24 	0.07 	33.59 	1.4 	2.4 	4.7 		
2017/7/18 5:25	119.08 	21.05 	30.24 	0.06 	33.58 	1.3 	2.4 	4.6 		
2017/7/18 5:30	119.10 	21.05 	30.25 	0.07 	33.58 	1.3 	2.4 	4.3 		
2017/7/18 5:35	119.11 	21.05 	30.26 	0.07 	33.57 	1.2 	2.4 	4.2 		
2017/7/18 5:40	119.12 	21.05 	30.28 	0.07 	33.56 	1.3 	2.4 	4.4 		
2017/7/18 5:45	119.13 	21.05 	30.29 	0.07 	33.56 	1.2 	2.6 	4.5 		
2017/7/18 5:50	119.15 	21.04 	30.29 	0.07 	33.56 	1.2 	2.6 	4.4 		
2017/7/18 5:55	119.16 	21.04 	30.31 	0.07 	33.56 	1.2 	2.5 	4.3 		
2017/7/18 6:00	119.17 	21.04 	30.31 	0.07 	33.56 	1.2 	2.5 	4.2 		
2017/7/18 6:05	119.18 	21.04 	30.31 	0.06 	33.56 	1.2 	2.5 	4.4 		
2017/7/18 6:10	119.19 	21.04 	30.30 	0.06 	33.57 	1.1 	2.5 	3.8 		
2017/7/18 6:15	119.21 	21.04 	30.29 	0.07 	33.57 	0.8 	2.5 	2.8 		
2017/7/18 6:20	119.22 	21.03 	30.27 	0.06 	33.58 	0.9 	2.5 	3.1 		
2017/7/18 6:25	119.23 	21.03 	30.27 	0.06 	33.58 	0.9 	2.5 	3.1 		
2017/7/18 6:30	119.24 	21.03 	30.26 	0.07 	33.59 	0.9 	2.5 	3.2 		
2017/7/18 6:35	119.26 	21.03 	30.26 	0.07 	33.60 	0.9 	2.5 	3.2 		
2017/7/18 6:40	119.27 	21.03 	30.25 	0.07 	33.60 	0.9 	2.5 	3.2 		
2017/7/18 6:45	119.28 	21.03 	30.24 	0.06 	33.60 	0.9 	2.5 	3.1 		
2017/7/18 6:50	119.29 	21.02 	30.24 	0.07 	33.61 	0.9 	2.5 	3.1 		
2017/7/18 6:55	119.31 	21.02 	30.24 	0.07 	33.61 	0.8 	2.5 	3.0 		
2017/7/18 7:00	119.32 	21.02 	30.23 	0.07 	33.62 	0.9 	2.5 	3.3 		
2017/7/18 7:05	119.33 	21.02 	30.23 	0.07 	33.63 	0.9 	2.5 	3.1 		
2017/7/18 7:10	119.34 	21.02 	30.22 	0.07 	33.63 	0.9 	2.5 	3.3 		
2017/7/18 7:15	119.36 	21.02 	30.22 	0.07 	33.64 	0.9 	2.5 	3.2 		
2017/7/18 7:20	119.37 	21.01 	30.20 	0.06 	33.63 	0.9 	2.5 	3.3 		
2017/7/18 7:25	119.38 	21.01 	30.18 	0.06 	33.61 	1.1 	2.8 	4.2 		
2017/7/18 7:30	119.40 	21.01 	30.14 	0.06 	33.59 	1.0 	2.8 	3.8 		
2017/7/18 7:35	119.41 	21.01 	30.12 	0.06 	33.60 	1.0 	2.7 	3.9 		
2017/7/18 7:40	119.42 	21.01 	30.12 	0.07 	33.60 	0.6 	2.7 	2.5 		
2017/7/18 7:45	119.44 	21.00 	30.13 	0.07 	33.60 	0.5 	2.7 	2.0 		
2017/7/18 7:50	119.45 	21.00 	30.12 	0.07 	33.59 	0.6 	2.7 	2.3 		
2017/7/18 7:55	119.46 	21.00 	30.11 	0.07 	33.59 	0.6 	2.7 	2.4 		
2017/7/18 8:00	119.48 	21.00 	30.10 	0.07 	33.59 	0.6 	2.8 	2.6 		
2017/7/18 8:05	119.49 	21.00 	30.08 	0.07 	33.59 	0.6 	2.8 	2.3 		
2017/7/18 8:10	119.50 	20.99 	30.06 	0.06 	33.59 	0.6 	2.8 	2.6 		
2017/7/18 8:15	119.51 	20.99 	30.04 	0.07 	33.59 	0.7 	2.8 	2.9 		
2017/7/18 8:20	119.53 	20.99 	30.02 	0.07 	33.59 	0.6 	2.8 	2.4 		
2017/7/18 8:25	119.54 	20.99 	30.01 	0.08 	33.60 	0.7 	2.8 	2.9 		
2017/7/18 8:30	119.55 	20.99 	30.00 	0.07 	33.61 	0.8 	2.8 	3.2 		
2017/7/18 8:35	119.56 	20.99 	29.99 	0.07 	33.63 	0.5 	2.8 	2.0 		
2017/7/18 8:40	119.58 	20.99 	29.98 	0.07 	33.65 	0.5 	2.8 	2.1 		
2017/7/18 8:45	119.59 	20.98 	30.02 	0.07 	33.69 	0.4 	2.8 	1.7 		
2017/7/18 8:50	119.60 	20.98 	30.06 	0.06 	33.73 	0.4 	2.8 	1.6 		
2017/7/18 8:55	119.61 	20.98 	30.10 	0.06 	33.77 	0.5 	2.8 	2.1 		
2017/7/18 9:00	119.62 	20.98 	30.12 	0.06 	33.81 	0.5 	2.8 	2.1 		
2017/7/18 9:05	119.63 	20.99 	30.13 	0.06 	33.83 	0.6 	3.0 	2.6 		
2017/7/18 21:35	119.44 	21.04 	30.31 	0.06 	33.69 	0.8 	2.9 	3.1 		
2017/7/18 21:40	119.45 	21.03 	30.32 	0.06 	33.69 	0.7 	2.9 	2.6 		
2017/7/18 21:45	119.46 	21.03 	30.32 	0.06 	33.69 	0.6 	2.9 	2.6 		
2017/7/18 21:50	119.48 	21.03 	30.32 	0.05 	33.68 	0.6 	2.9 	2.6 		
2017/7/18 21:55	119.49 	21.02 	30.30 	0.05 	33.67 	0.7 	2.9 	2.7 		
2017/7/18 22:00	119.50 	21.02 	30.28 	0.05 	33.66 	0.7 	2.8 	2.8 		
2017/7/18 22:05	119.51 	21.01 	30.27 	0.06 	33.66 	0.7 	2.8 	2.8 		
2017/7/18 22:10	119.52 	21.01 	30.26 	0.05 	33.66 	0.6 	2.8 	2.6 		
2017/7/18 22:15	119.54 	21.01 	30.23 	0.05 	33.66 	0.9 	2.8 	3.5 		
2017/7/18 22:20	119.55 	21.00 	30.19 	0.05 	33.64 	0.7 	2.8 	2.8 		
2017/7/18 22:25	119.56 	21.00 	30.16 	0.06 	33.62 	0.7 	2.8 	2.9 		
2017/7/18 22:30	119.58 	20.99 	30.15 	0.05 	33.61 	0.8 	2.8 	3.2 		
2017/7/18 22:35	119.59 	20.99 	30.13 	0.06 	33.60 	0.7 	2.8 	2.8 		
2017/7/18 22:40	119.60 	20.98 	30.09 	0.05 	33.61 	0.9 	2.8 	3.6 		
2017/7/18 22:45	119.61 	20.98 	30.10 	0.06 	33.67 	0.8 	2.8 	3.2 		
2017/7/18 22:50	119.62 	20.98 	30.12 	0.06 	33.71 	0.9 	2.8 	3.6 		
2017/7/19 16:10	119.27 	21.01 	30.41 	0.06 	33.70 	0.9 	2.6 	3.2 		
2017/7/19 16:15	119.27 	21.02 	30.41 	0.06 	33.70 	0.7 	2.6 	2.8 		
2017/7/19 16:20	119.26 	21.02 	30.40 	0.05 	33.70 	0.8 	2.6 	3.1 		
2017/7/19 16:25	119.26 	21.02 	30.39 	0.05 	33.70 	0.9 	2.6 	3.3 		
2017/7/19 16:30	119.25 	21.01 	30.37 	0.05 	33.70 	0.8 	2.6 	3.0 		
2017/7/19 16:35	119.24 	21.01 	30.36 	0.05 	33.70 	1.0 	2.6 	3.7 		
2017/7/19 16:40	119.23 	21.01 	30.35 	0.05 	33.70 	0.8 	2.6 	3.1 		
2017/7/19 16:45	119.21 	21.01 	30.34 	0.06 	33.69 	0.9 	2.6 	3.3 		
2017/7/19 16:50	119.20 	21.01 	30.33 	0.06 	33.69 	0.8 	2.6 	3.0 		
2017/7/19 16:55	119.18 	21.01 	30.34 	0.06 	33.69 	0.8 	2.6 	2.9 		
2017/7/19 17:00	119.16 	21.01 	30.34 	0.06 	33.69 	0.7 	2.6 	2.6 		
2017/7/19 17:05	119.15 	21.01 	30.34 	0.06 	33.71 	0.7 	2.6 	2.6 		
2017/7/19 17:10	119.13 	21.01 	30.34 	0.05 	33.71 	0.8 	2.7 	2.9 		
2017/7/19 17:15	119.12 	21.01 	30.34 	0.06 	33.71 	0.9 	2.5 	3.2 		
2017/7/19 17:20	119.10 	21.01 	30.34 	0.06 	33.70 	0.8 	2.5 	2.8 		
2017/7/19 17:25	119.09 	21.01 	30.33 	0.06 	33.70 	0.9 	2.5 	3.3 		
2017/7/19 17:30	119.07 	21.01 	30.32 	0.06 	33.69 	0.9 	2.5 	3.1 		
2017/7/19 17:35	119.06 	21.01 	30.33 	0.06 	33.69 	0.8 	2.5 	3.0 		
2017/7/19 17:40	119.04 	21.01 	30.34 	0.06 	33.70 	0.8 	2.5 	2.9 		
2017/7/19 17:45	119.03 	21.01 	30.34 	0.06 	33.69 	0.9 	2.6 	3.1 		
2017/7/19 17:50	119.01 	21.01 	30.34 	0.05 	33.69 	0.7 	2.6 	2.5 		
2017/7/19 17:55	118.99 	21.01 	30.34 	0.06 	33.68 	0.7 	2.6 	2.6 		
2017/7/19 18:00	118.98 	21.01 	30.34 	0.06 	33.66 	0.8 	2.6 	2.9 		
2017/7/19 18:05	118.96 	21.01 	30.34 	0.06 	33.64 	0.9 	2.6 	3.2 		
2017/7/19 18:10	118.95 	21.01 	30.34 	0.06 	33.63 	0.9 	2.6 	3.2 		
2017/7/19 18:15	118.93 	21.01 	30.34 	0.06 	33.61 	0.8 	2.6 	2.8 		
2017/7/19 18:20	118.92 	21.01 	30.34 	0.06 	33.60 	0.7 	2.6 	2.6 		
2017/7/19 18:25	118.90 	21.01 	30.34 	0.06 	33.59 	0.7 	2.6 	2.7 		
2017/7/19 18:30	118.89 	21.01 	30.35 	0.05 	33.59 	0.7 	2.6 	2.5 		
2017/7/19 18:35	118.88 	21.01 	30.37 	0.06 	33.58 	0.8 	2.6 	2.9 		
2017/7/19 18:40	118.86 	21.01 	30.37 	0.05 	33.58 	0.7 	2.4 	2.3 		
2017/7/19 18:45	118.85 	21.01 	30.38 	0.06 	33.58 	0.8 	2.4 	2.8 		
2017/7/19 18:50	118.83 	21.01 	30.37 	0.06 	33.58 	0.8 	2.4 	2.6 		
2017/7/19 18:55	118.82 	21.01 	30.37 	0.06 	33.57 	0.7 	2.4 	2.3 		
2017/7/19 19:00	118.80 	21.01 	30.38 	0.06 	33.57 	0.6 	2.4 	2.2 		
2017/7/19 19:05	118.79 	21.01 	30.38 	0.06 	33.56 	0.7 	2.4 	2.4 		
2017/7/19 19:10	118.77 	21.00 	30.38 	0.06 	33.56 	0.8 	2.4 	2.6 		
2017/7/19 19:15	118.76 	21.00 	30.39 	0.06 	33.55 	0.7 	2.4 	2.3 		
2017/7/19 19:20	118.74 	21.00 	30.39 	0.05 	33.56 	0.7 	2.4 	2.4 		
2017/7/19 19:25	118.73 	21.00 	30.39 	0.05 	33.57 	0.7 	2.4 	2.4 		
2017/7/19 19:30	118.71 	21.00 	30.39 	0.05 	33.57 	0.7 	2.4 	2.4 		
2017/7/19 19:35	118.70 	21.00 	30.40 	0.06 	33.58 	0.7 	2.4 	2.3 		
2017/7/19 19:40	118.70 	21.00 	30.40 	0.06 	33.58 	0.8 	2.4 	2.8 		
2017/7/19 22:10	118.66 	21.04 	30.25 	0.06 	33.65 	1.0 	2.4 	3.4 		
2017/7/19 22:15	118.65 	21.04 	30.24 	0.06 	33.65 	0.8 	2.4 	2.9 		
2017/7/19 22:20	118.64 	21.04 	30.23 	0.06 	33.65 	0.8 	2.4 	2.8 		
2017/7/19 22:25	118.62 	21.03 	30.20 	0.05 	33.66 	0.9 	2.1 	2.6 		
2017/7/19 22:30	118.61 	21.03 	30.20 	0.06 	33.68 	0.8 	2.1 	2.4 		
2017/7/19 22:35	118.60 	21.03 	30.20 	0.06 	33.70 	1.0 	2.1 	2.9 		
2017/7/19 22:40	118.58 	21.02 	30.20 	0.06 	33.72 	1.0 	2.1 	2.9 		
2017/7/19 22:45	118.57 	21.02 	30.21 	0.05 	33.74 	0.9 	2.1 	2.8 		
2017/7/19 22:50	118.56 	21.02 	30.24 	0.06 	33.75 	0.8 	2.1 	2.5 		
2017/7/19 22:55	118.54 	21.01 	30.26 	0.06 	33.75 	0.8 	2.1 	2.3 		
2017/7/19 23:00	118.53 	21.01 	30.25 	0.06 	33.74 	0.8 	2.1 	2.4 		
2017/7/19 23:05	118.52 	21.00 	30.25 	0.05 	33.73 	0.7 	2.1 	2.1 		
2017/7/19 23:10	118.51 	21.00 	30.24 	0.05 	33.71 	0.8 	2.1 	2.3 		
2017/7/19 23:15	118.49 	21.00 	30.24 	0.05 	33.70 	0.8 	2.1 	2.5 		
2017/7/19 23:20	118.48 	20.99 	30.26 	0.06 	33.70 	0.9 	2.1 	2.7 		
2017/7/19 23:25	118.47 	20.99 	30.28 	0.06 	33.70 	0.8 	2.1 	2.5 		
2017/7/19 23:30	118.45 	20.99 	30.31 	0.07 	33.71 	0.9 	2.1 	2.7 		
2017/7/19 23:35	118.44 	20.98 	30.33 	0.06 	33.69 	0.8 	2.1 	2.4 		
2017/7/19 23:40	118.43 	20.98 	30.32 	0.05 	33.67 	0.7 	2.1 	2.2 		
2017/7/19 23:45	118.42 	20.97 	30.32 	0.05 	33.66 	0.8 	2.1 	2.3 		
2017/7/19 23:50	118.40 	20.97 	30.32 	0.06 	33.66 	0.8 	2.1 	2.3 		
2017/7/19 23:55	118.39 	20.97 	30.32 	0.06 	33.65 	0.7 	2.1 	2.1 		
2017/7/20 0:00	118.38 	20.96 	30.30 	0.05 	33.64 	0.8 	2.1 	2.3 		
2017/7/20 0:05	118.37 	20.96 	30.27 	0.05 	33.63 	0.8 	2.0 	2.3 		
2017/7/20 0:10	118.35 	20.95 	30.25 	0.05 	33.62 	0.9 	1.9 	2.4 		
2017/7/20 0:15	118.34 	20.95 	30.22 	0.04 	33.62 	0.7 	1.9 	2.0 		
2017/7/20 0:20	118.33 	20.94 	30.17 	0.05 	33.63 	0.8 	1.9 	2.3 		
2017/7/20 0:25	118.32 	20.94 	30.15 	0.05 	33.64 	0.8 	1.9 	2.1 		
2017/7/20 0:30	118.30 	20.93 	30.14 	0.06 	33.65 	0.7 	1.9 	2.0 		
2017/7/20 0:35	118.29 	20.93 	30.14 	0.06 	33.66 	0.7 	1.9 	2.0 		
2017/7/20 0:40	118.28 	20.92 	30.14 	0.06 	33.68 	0.8 	1.9 	2.3 		
2017/7/20 0:45	118.27 	20.92 	30.14 	0.06 	33.70 	0.8 	1.9 	2.1 		
2017/7/20 0:50	118.26 	20.91 	30.14 	0.07 	33.71 	0.9 	1.9 	2.4 		
2017/7/20 0:55	118.24 	20.91 	30.13 	0.06 	33.71 	0.9 	1.9 	2.4 		
2017/7/20 1:00	118.23 	20.90 	30.14 	0.07 	33.70 	0.9 	1.9 	2.3 		
2017/7/20 1:05	118.22 	20.90 	30.15 	0.06 	33.70 	0.9 	1.9 	2.6 		
2017/7/20 1:10	118.21 	20.89 	30.16 	0.07 	33.70 	0.9 	1.9 	2.5 		
2017/7/20 1:15	118.20 	20.89 	30.17 	0.07 	33.71 	0.9 	1.9 	2.3 		
2017/7/20 1:20	118.18 	20.88 	30.17 	0.06 	33.73 	0.8 	1.9 	2.3 		
2017/7/20 1:25	118.17 	20.88 	30.17 	0.06 	33.74 	0.8 	1.9 	2.3 		
2017/7/20 1:30	118.16 	20.87 	30.18 	0.06 	33.74 	0.8 	1.7 	2.0 		
2017/7/20 1:35	118.15 	20.87 	30.17 	0.06 	33.74 	0.8 	1.7 	2.0 		
2017/7/20 1:40	118.13 	20.86 	30.17 	0.06 	33.74 	1.0 	1.7 	2.4 		
2017/7/20 1:45	118.12 	20.86 	30.16 	0.06 	33.74 	1.0 	1.7 	2.2 		
2017/7/20 1:50	118.11 	20.85 	30.15 	0.06 	33.74 	0.9 	1.7 	2.1 		
2017/7/20 1:55	118.10 	20.84 	30.13 	0.06 	33.74 	1.0 	1.7 	2.2 		
2017/7/20 2:00	118.09 	20.84 	30.12 	0.06 	33.75 	0.9 	1.7 	2.2 		
2017/7/20 5:15	118.05 	20.91 	29.92 	0.08 	33.74 	0.8 	1.8 	2.2 		
2017/7/20 5:20	118.04 	20.91 	29.94 	0.07 	33.75 	0.8 	1.8 	2.1 		
2017/7/20 5:25	118.03 	20.92 	29.95 	0.08 	33.77 	0.8 	1.8 	2.1 		
										
										
										
										
										
										
										
										
										
										
