Time	Longitude	Latitude	Temperature (¡ãC)	Chlorophyll a (mg m-3)	Salinity	¡÷O2/Ar (%)	k (m d-1)	NCP (mmol C m-2 d-1)		
2017/7/20 5:30	118.01 	20.92 	29.95 	0.08 	33.80 	0.9 	1.8 	2.2 		
2017/7/20 5:35	118.00 	20.93 	29.93 	0.07 	33.83 	1.0 	1.8 	2.5 		
2017/7/20 5:40	117.99 	20.93 	29.90 	0.06 	33.85 	1.2 	1.8 	3.1 		
2017/7/20 5:45	117.97 	20.94 	29.88 	0.07 	33.87 	1.3 	1.8 	3.4 		
2017/7/20 5:50	117.96 	20.94 	29.88 	0.07 	33.87 	1.3 	1.8 	3.5 		
2017/7/20 5:55	117.95 	20.95 	29.87 	0.07 	33.88 	1.3 	1.8 	3.4 		
2017/7/20 6:00	117.94 	20.95 	29.87 	0.07 	33.90 	1.1 	1.8 	2.9 		
2017/7/20 6:05	117.92 	20.96 	29.88 	0.08 	33.92 	1.0 	1.8 	2.7 		
2017/7/20 6:10	117.91 	20.97 	29.89 	0.07 	33.94 	1.0 	1.8 	2.5 		
2017/7/20 6:15	117.90 	20.97 	29.88 	0.08 	33.94 	1.0 	1.8 	2.7 		
2017/7/20 6:20	117.88 	20.98 	29.90 	0.08 	33.95 	0.9 	1.8 	2.4 		
2017/7/20 6:25	117.87 	20.98 	29.96 	0.09 	33.94 	0.8 	1.8 	2.1 		
2017/7/20 6:30	117.86 	20.99 	30.01 	0.09 	33.91 	0.8 	1.8 	1.9 		
2017/7/20 6:35	117.85 	20.99 	30.04 	0.08 	33.88 	0.7 	1.8 	1.9 		
2017/7/20 6:40	117.83 	21.00 	30.06 	0.07 	33.86 	0.7 	1.8 	1.9 		
2017/7/20 6:45	117.82 	21.00 	30.07 	0.07 	33.85 	0.8 	1.8 	2.0 		
2017/7/20 6:50	117.81 	21.01 	30.06 	0.07 	33.85 	0.8 	1.8 	2.1 		
2017/7/20 6:55	117.80 	21.01 	30.06 	0.07 	33.85 	0.8 	1.8 	2.1 		
2017/7/20 7:00	117.78 	21.02 	30.05 	0.06 	33.85 	0.9 	1.8 	2.3 		
2017/7/20 7:05	117.77 	21.03 	30.03 	0.06 	33.84 	0.9 	1.8 	2.3 		
2017/7/20 7:10	117.76 	21.03 	30.02 	0.07 	33.83 	0.8 	1.8 	2.2 		
2017/7/20 7:15	117.75 	21.04 	30.02 	0.06 	33.82 	0.8 	1.8 	2.1 		
2017/7/20 7:20	117.73 	21.05 	30.01 	0.06 	33.80 	1.0 	1.8 	2.5 		
2017/7/20 7:25	117.72 	21.05 	30.01 	0.06 	33.80 	0.9 	1.8 	2.3 		
2017/7/20 7:30	117.71 	21.06 	30.02 	0.07 	33.80 	0.9 	1.8 	2.3 		
2017/7/20 7:35	117.70 	21.06 	30.02 	0.07 	33.80 	0.9 	1.8 	2.3 		
2017/7/20 7:40	117.69 	21.07 	30.02 	0.07 	33.79 	0.8 	1.8 	2.2 		
2017/7/20 7:45	117.68 	21.08 	30.01 	0.06 	33.79 	1.0 	1.8 	2.5 		
2017/7/20 7:50	117.66 	21.08 	30.00 	0.07 	33.79 	0.9 	1.8 	2.4 		
2017/7/20 7:55	117.65 	21.09 	30.00 	0.06 	33.79 	0.9 	1.8 	2.4 		
2017/7/20 8:00	117.64 	21.10 	30.00 	0.07 	33.80 	0.8 	1.9 	2.1 		
2017/7/20 8:05	117.63 	21.10 	30.00 	0.06 	33.80 	0.9 	1.9 	2.5 		
2017/7/20 8:10	117.61 	21.11 	29.99 	0.07 	33.80 	1.0 	1.8 	2.6 		
2017/7/20 8:15	117.60 	21.11 	29.99 	0.07 	33.80 	1.0 	1.8 	2.5 		
2017/7/20 8:20	117.59 	21.12 	30.01 	0.08 	33.80 	0.8 	1.8 	2.1 		
2017/7/20 8:25	117.58 	21.13 	30.03 	0.07 	33.79 	0.9 	2.0 	2.4 		
2017/7/20 8:30	117.56 	21.13 	30.04 	0.07 	33.80 	0.9 	2.0 	2.5 		
2017/7/20 8:35	117.55 	21.14 	30.04 	0.08 	33.82 	0.9 	2.0 	2.4 		
2017/7/20 8:40	117.54 	21.15 	30.05 	0.07 	33.84 	0.8 	2.0 	2.2 		
2017/7/20 8:45	117.53 	21.15 	30.05 	0.07 	33.87 	0.7 	2.0 	2.0 		
2017/7/20 8:50	117.51 	21.16 	30.04 	0.06 	33.90 	0.8 	2.0 	2.3 		
2017/7/20 8:55	117.50 	21.17 	30.03 	0.07 	33.92 	0.8 	2.0 	2.2 		
2017/7/20 9:00	117.49 	21.17 	30.02 	0.07 	33.93 	0.8 	2.0 	2.2 		
2017/7/20 9:05	117.47 	21.18 	30.00 	0.06 	33.94 	0.8 	1.9 	2.3 		
2017/7/20 9:10	117.46 	21.19 	29.97 	0.06 	33.94 	0.7 	1.9 	1.9 		
2017/7/20 9:15	117.45 	21.20 	29.94 	0.06 	33.96 	0.8 	1.9 	2.2 		
2017/7/20 9:20	117.44 	21.20 	29.91 	0.06 	33.97 	0.7 	1.9 	2.0 		
2017/7/20 9:25	117.42 	21.21 	29.89 	0.06 	33.97 	0.7 	1.9 	2.0 		
2017/7/20 9:30	117.41 	21.22 	29.85 	0.07 	33.97 	0.7 	1.9 	1.8 		
2017/7/20 9:35	117.40 	21.22 	29.83 	0.07 	33.97 	0.6 	1.9 	1.6 		
2017/7/21 14:20	117.40 	20.07 	29.99 	0.07 	33.76 	1.3 	1.6 	3.1 		
2017/7/21 14:25	117.41 	20.06 	30.03 	0.07 	33.76 	1.4 	1.6 	3.2 		
2017/7/21 14:30	117.41 	20.05 	30.07 	0.06 	33.77 	1.4 	1.6 	3.2 		
2017/7/21 18:30	117.40 	20.12 	30.01 	0.05 	33.75 	1.5 	1.6 	3.3 		
2017/7/21 18:35	117.40 	20.11 	30.01 	0.06 	33.75 	1.4 	1.6 	3.1 		
2017/7/21 18:40	117.41 	20.10 	30.02 	0.05 	33.75 	1.3 	1.6 	2.9 		
2017/7/21 18:45	117.42 	20.09 	30.05 	0.06 	33.76 	1.3 	1.6 	2.9 		
2017/7/21 18:50	117.42 	20.08 	30.05 	0.06 	33.75 	1.5 	1.6 	3.3 		
2017/7/21 18:55	117.43 	20.07 	30.03 	0.05 	33.75 	1.5 	1.6 	3.4 		
2017/7/21 19:00	117.44 	20.06 	30.02 	0.05 	33.75 	1.3 	1.6 	3.1 		
2017/7/21 19:05	117.45 	20.05 	30.04 	0.05 	33.75 	1.3 	1.6 	3.1 		
2017/7/21 19:10	117.46 	20.04 	30.05 	0.06 	33.75 	1.4 	1.6 	3.2 		
2017/7/21 19:15	117.46 	20.03 	30.06 	0.06 	33.75 	1.4 	1.6 	3.2 		
2017/7/21 19:20	117.47 	20.02 	30.07 	0.05 	33.74 	1.4 	1.6 	3.3 		
2017/7/21 19:25	117.48 	20.01 	30.08 	0.06 	33.75 	1.5 	1.6 	3.5 		
2017/7/21 19:30	117.49 	20.00 	30.10 	0.06 	33.76 	1.4 	1.6 	3.3 		
2017/7/21 19:35	117.50 	19.99 	30.12 	0.05 	33.76 	1.5 	1.6 	3.5 		
2017/7/21 19:40	117.51 	19.99 	30.12 	0.05 	33.76 	1.5 	1.6 	3.4 		
2017/7/21 19:45	117.52 	19.98 	30.12 	0.06 	33.76 	1.5 	1.6 	3.4 		
2017/7/21 19:50	117.53 	19.97 	30.12 	0.05 	33.76 	1.5 	1.6 	3.4 		
2017/7/21 19:55	117.54 	19.96 	30.11 	0.05 	33.76 	1.5 	1.6 	3.5 		
2017/7/21 20:00	117.55 	19.95 	30.10 	0.05 	33.76 	1.5 	1.6 	3.5 		
2017/7/21 20:05	117.55 	19.94 	30.09 	0.05 	33.76 	1.5 	1.6 	3.3 		
2017/7/21 20:10	117.56 	19.93 	30.09 	0.05 	33.76 	1.4 	1.6 	3.3 		
2017/7/21 20:15	117.57 	19.92 	30.09 	0.05 	33.77 	1.5 	1.6 	3.4 		
2017/7/21 20:20	117.58 	19.91 	30.11 	0.06 	33.78 	1.4 	1.6 	3.2 		
2017/7/21 20:25	117.59 	19.90 	30.11 	0.05 	33.78 	1.4 	1.6 	3.2 		
2017/7/21 20:30	117.60 	19.89 	30.10 	0.06 	33.77 	1.4 	1.6 	3.3 		
2017/7/21 20:35	117.61 	19.88 	30.08 	0.05 	33.75 	1.5 	1.6 	3.4 		
2017/7/21 20:40	117.62 	19.87 	30.06 	0.05 	33.73 	1.5 	1.7 	3.6 		
2017/7/21 20:45	117.63 	19.86 	30.04 	0.05 	33.72 	1.5 	1.5 	3.3 		
2017/7/21 20:50	117.63 	19.85 	30.04 	0.05 	33.71 	1.6 	1.5 	3.5 		
2017/7/21 20:55	117.64 	19.84 	30.04 	0.06 	33.69 	1.4 	1.5 	3.0 		
2017/7/21 21:00	117.65 	19.83 	30.04 	0.05 	33.69 	1.5 	1.5 	3.3 		
2017/7/21 21:05	117.66 	19.82 	30.04 	0.06 	33.68 	1.4 	1.5 	3.1 		
2017/7/21 21:10	117.67 	19.81 	30.04 	0.05 	33.67 	1.5 	1.5 	3.4 		
2017/7/21 21:15	117.68 	19.81 	30.04 	0.05 	33.67 	1.6 	1.5 	3.5 		
2017/7/21 21:20	117.69 	19.80 	30.03 	0.05 	33.67 	1.6 	1.5 	3.5 		
2017/7/21 21:25	117.70 	19.79 	30.01 	0.05 	33.67 	1.6 	1.5 	3.5 		
2017/7/21 21:30	117.71 	19.78 	30.01 	0.05 	33.68 	1.6 	1.5 	3.6 		
2017/7/21 21:35	117.72 	19.77 	30.00 	0.06 	33.68 	1.7 	1.5 	3.6 		
2017/7/21 21:40	117.73 	19.76 	29.99 	0.06 	33.68 	1.7 	1.5 	3.7 		
2017/7/21 21:45	117.74 	19.75 	29.99 	0.05 	33.68 	1.6 	1.5 	3.5 		
2017/7/21 21:50	117.75 	19.74 	29.99 	0.06 	33.67 	1.7 	1.5 	3.7 		
2017/7/21 21:55	117.76 	19.73 	29.99 	0.06 	33.67 	1.6 	1.5 	3.4 		
2017/7/21 22:00	117.76 	19.72 	29.99 	0.06 	33.67 	1.5 	1.5 	3.3 		
2017/7/21 22:05	117.77 	19.72 	30.00 	0.06 	33.68 	1.5 	1.5 	3.2 		
2017/7/21 22:10	117.78 	19.71 	30.01 	0.06 	33.68 	1.6 	1.5 	3.5 		
2017/7/21 22:15	117.79 	19.70 	30.02 	0.06 	33.67 	1.6 	1.5 	3.5 		
2017/7/21 22:20	117.80 	19.69 	30.03 	0.06 	33.66 	1.5 	1.5 	3.2 		
2017/7/21 22:25	117.81 	19.68 	30.04 	0.06 	33.66 	1.6 	1.5 	3.4 		
2017/7/21 22:30	117.82 	19.67 	30.05 	0.05 	33.66 	1.6 	1.5 	3.4 		
2017/7/21 22:35	117.83 	19.66 	30.05 	0.05 	33.65 	1.6 	1.5 	3.5 		
2017/7/21 22:40	117.84 	19.65 	30.05 	0.05 	33.65 	1.5 	1.5 	3.3 		
2017/7/21 22:45	117.85 	19.64 	30.05 	0.05 	33.66 	1.5 	1.5 	3.3 		
2017/7/21 22:50	117.86 	19.63 	30.06 	0.06 	33.67 	1.5 	1.5 	3.2 		
2017/7/21 22:55	117.87 	19.62 	30.06 	0.05 	33.67 	1.5 	1.5 	3.4 		
2017/7/21 23:00	117.88 	19.61 	30.05 	0.05 	33.67 	1.5 	1.4 	2.9 		
2017/7/21 23:05	117.89 	19.60 	30.05 	0.05 	33.68 	1.5 	1.4 	3.0 		
2017/7/21 23:10	117.90 	19.59 	30.04 	0.06 	33.68 	1.5 	1.4 	3.0 		
2017/7/21 23:15	117.91 	19.58 	30.04 	0.06 	33.68 	1.5 	1.4 	2.9 		
2017/7/21 23:20	117.92 	19.58 	30.04 	0.05 	33.68 	1.5 	1.4 	3.0 		
2017/7/21 23:25	117.93 	19.57 	30.06 	0.06 	33.68 	1.4 	1.4 	2.9 		
2017/7/21 23:30	117.94 	19.56 	30.07 	0.06 	33.68 	1.5 	1.4 	2.9 		
2017/7/21 23:35	117.95 	19.55 	30.09 	0.06 	33.68 	1.5 	1.4 	3.0 		
2017/7/21 23:40	117.96 	19.54 	30.10 	0.06 	33.69 	1.5 	1.4 	2.9 		
2017/7/21 23:45	117.97 	19.53 	30.10 	0.06 	33.69 	1.5 	1.4 	2.9 		
2017/7/21 23:50	117.98 	19.52 	30.10 	0.05 	33.68 	1.4 	1.4 	2.9 		
2017/7/21 23:55	117.99 	19.51 	30.11 	0.05 	33.68 	1.4 	1.4 	2.8 		
2017/7/22 0:00	117.99 	19.50 	30.11 	0.05 	33.67 	1.5 	1.4 	2.9 		
2017/7/22 7:20	117.97 	19.50 	30.00 	0.06 	33.66 	1.4 	1.4 	2.7 		
2017/7/22 7:25	117.96 	19.50 	30.01 	0.06 	33.66 	1.3 	1.4 	2.6 		
2017/7/22 7:30	117.95 	19.49 	30.01 	0.06 	33.66 	1.4 	1.4 	2.7 		
2017/7/22 7:35	117.94 	19.49 	30.02 	0.06 	33.66 	1.4 	1.4 	2.8 		
2017/7/22 7:40	117.93 	19.48 	30.03 	0.06 	33.66 	1.4 	1.4 	2.8 		
2017/7/22 7:45	117.91 	19.47 	30.03 	0.06 	33.66 	1.4 	1.4 	2.8 		
2017/7/22 7:50	117.90 	19.46 	30.03 	0.06 	33.67 	1.5 	1.4 	2.9 		
2017/7/22 7:55	117.89 	19.46 	30.03 	0.06 	33.67 	1.5 	1.4 	2.9 		
2017/7/22 8:00	117.88 	19.45 	30.02 	0.05 	33.68 	1.5 	1.4 	3.0 		
2017/7/22 8:05	117.87 	19.44 	30.02 	0.06 	33.69 	1.5 	1.6 	3.4 		
2017/7/22 8:10	117.85 	19.44 	30.03 	0.05 	33.72 	1.4 	1.6 	3.2 		
2017/7/22 8:15	117.84 	19.43 	30.03 	0.06 	33.75 	1.4 	1.6 	3.2 		
2017/7/22 8:20	117.83 	19.42 	30.03 	0.05 	33.77 	1.4 	1.6 	3.1 		
2017/7/22 8:25	117.82 	19.42 	30.03 	0.05 	33.79 	1.5 	1.6 	3.3 		
2017/7/22 8:30	117.81 	19.41 	30.02 	0.05 	33.80 	1.4 	1.6 	3.2 		
2017/7/22 8:35	117.80 	19.40 	30.00 	0.06 	33.81 	1.6 	1.6 	3.5 		
2017/7/22 8:40	117.78 	19.40 	29.96 	0.05 	33.83 	1.5 	1.6 	3.3 		
2017/7/22 8:45	117.77 	19.39 	29.91 	0.05 	33.85 	1.5 	1.6 	3.4 		
2017/7/22 8:50	117.76 	19.38 	29.87 	0.05 	33.86 	1.6 	1.6 	3.5 		
2017/7/22 8:55	117.75 	19.38 	29.84 	0.06 	33.86 	1.6 	1.6 	3.6 		
2017/7/22 9:00	117.74 	19.37 	29.82 	0.06 	33.87 	1.6 	1.6 	3.7 		
2017/7/22 9:05	117.73 	19.37 	29.81 	0.07 	33.87 	1.7 	1.6 	3.8 		
2017/7/22 9:10	117.72 	19.36 	29.81 	0.06 	33.87 	1.6 	1.6 	3.7 		
2017/7/22 9:15	117.70 	19.35 	29.82 	0.07 	33.87 	1.6 	1.6 	3.7 		
2017/7/22 9:20	117.69 	19.35 	29.84 	0.07 	33.87 	1.6 	1.6 	3.7 		
2017/7/22 9:25	117.68 	19.34 	29.87 	0.07 	33.87 	1.5 	1.6 	3.5 		
2017/7/22 9:30	117.67 	19.34 	29.89 	0.07 	33.87 	1.5 	1.6 	3.3 		
2017/7/22 9:35	117.66 	19.33 	29.90 	0.07 	33.87 	1.6 	1.6 	3.7 		
2017/7/22 9:40	117.65 	19.32 	29.91 	0.07 	33.87 	1.6 	1.6 	3.6 		
2017/7/22 9:45	117.63 	19.32 	29.91 	0.07 	33.87 	1.6 	1.6 	3.7 		
2017/7/22 9:50	117.62 	19.31 	29.92 	0.06 	33.87 	1.7 	1.8 	4.2 		
2017/7/22 9:55	117.61 	19.31 	29.93 	0.07 	33.87 	1.7 	1.8 	4.2 		
2017/7/22 10:00	117.60 	19.30 	29.93 	0.06 	33.87 	1.6 	1.8 	4.2 		
2017/7/22 10:05	117.59 	19.29 	29.95 	0.06 	33.87 	1.6 	1.8 	4.0 		
2017/7/22 10:10	117.58 	19.29 	29.97 	0.07 	33.87 	1.6 	1.8 	4.0 		
2017/7/22 10:15	117.56 	19.28 	30.00 	0.07 	33.87 	1.6 	1.8 	4.0 		
2017/7/22 10:20	117.55 	19.28 	30.02 	0.06 	33.86 	1.5 	1.8 	3.8 		
2017/7/22 10:25	117.54 	19.27 	30.04 	0.06 	33.85 	1.5 	1.8 	3.8 		
2017/7/22 10:30	117.53 	19.26 	30.06 	0.07 	33.83 	1.5 	1.8 	3.8 		
2017/7/22 10:35	117.52 	19.26 	30.07 	0.07 	33.82 	1.4 	1.8 	3.4 		
2017/7/22 10:40	117.50 	19.25 	30.06 	0.06 	33.80 	1.4 	1.8 	3.6 		
2017/7/22 10:45	117.49 	19.24 	30.06 	0.06 	33.80 	1.5 	1.8 	3.7 		
2017/7/22 10:50	117.48 	19.24 	30.06 	0.06 	33.80 	1.4 	1.8 	3.7 		
2017/7/22 10:55	117.47 	19.23 	30.07 	0.07 	33.80 	1.5 	1.8 	3.8 		
2017/7/22 11:00	117.45 	19.23 	30.08 	0.06 	33.81 	1.4 	1.8 	3.6 		
2017/7/22 11:05	117.44 	19.22 	30.09 	0.06 	33.81 	1.4 	1.8 	3.7 		
2017/7/22 11:10	117.43 	19.21 	30.10 	0.06 	33.81 	1.4 	1.8 	3.6 		
2017/7/22 11:15	117.41 	19.21 	30.10 	0.06 	33.80 	1.5 	1.8 	3.8 		
2017/7/22 11:20	117.40 	19.20 	30.09 	0.06 	33.81 	1.6 	1.8 	4.0 		
2017/7/22 11:25	117.39 	19.19 	30.09 	0.07 	33.81 	1.5 	1.8 	3.8 		
2017/7/22 11:30	117.38 	19.19 	30.08 	0.06 	33.81 	1.6 	1.8 	4.0 		
2017/7/22 11:35	117.36 	19.18 	30.08 	0.07 	33.81 	1.6 	2.0 	4.4 		
2017/7/22 11:40	117.35 	19.17 	30.09 	0.06 	33.81 	1.6 	2.0 	4.5 		
2017/7/22 11:45	117.34 	19.17 	30.09 	0.06 	33.82 	1.6 	2.0 	4.4 		
2017/7/22 11:50	117.33 	19.16 	30.09 	0.07 	33.82 	1.7 	2.0 	4.7 		
2017/7/22 11:55	117.31 	19.15 	30.07 	0.07 	33.81 	1.7 	2.0 	4.8 		
2017/7/22 12:00	117.30 	19.15 	30.06 	0.07 	33.80 	1.8 	2.0 	5.0 		
2017/7/22 12:05	117.29 	19.14 	30.04 	0.07 	33.80 	1.7 	2.0 	4.8 		
2017/7/22 12:10	117.28 	19.14 	30.01 	0.07 	33.78 	1.7 	2.0 	4.6 		
2017/7/22 12:15	117.26 	19.13 	29.95 	0.07 	33.76 	1.6 	2.0 	4.5 		
2017/7/22 12:20	117.25 	19.12 	29.91 	0.07 	33.75 	1.5 	2.1 	4.5 		
2017/7/22 12:25	117.24 	19.12 	29.89 	0.07 	33.74 	1.7 	2.1 	5.1 		
2017/7/22 12:30	117.23 	19.11 	29.87 	0.07 	33.73 	1.6 	2.1 	4.8 		
2017/7/22 12:35	117.22 	19.11 	29.86 	0.06 	33.72 	1.6 	2.1 	4.8 		
2017/7/22 12:40	117.20 	19.10 	29.85 	0.06 	33.72 	1.6 	2.1 	4.7 		
2017/7/22 12:45	117.19 	19.09 	29.85 	0.06 	33.72 	1.6 	2.1 	4.7 		
2017/7/22 12:50	117.18 	19.09 	29.85 	0.06 	33.73 	1.6 	2.1 	4.6 		
2017/7/22 12:55	117.17 	19.08 	29.85 	0.07 	33.74 	1.5 	2.1 	4.6 		
2017/7/22 13:00	117.16 	19.08 	29.84 	0.07 	33.75 	1.6 	2.1 	4.7 		
2017/7/22 13:05	117.15 	19.07 	29.84 	0.07 	33.74 	1.6 	2.1 	4.6 		
2017/7/22 13:10	117.13 	19.06 	29.83 	0.06 	33.73 	1.6 	2.1 	4.7 		
2017/7/22 13:15	117.12 	19.06 	29.80 	0.06 	33.73 	1.5 	2.3 	4.9 		
2017/7/22 13:20	117.11 	19.05 	29.79 	0.07 	33.72 	1.7 	2.3 	5.4 		
2017/7/22 13:25	117.10 	19.05 	29.78 	0.07 	33.71 	1.5 	2.3 	5.0 		
2017/7/22 13:30	117.08 	19.04 	29.77 	0.07 	33.70 	1.6 	2.3 	5.2 		
2017/7/22 13:35	117.07 	19.04 	29.75 	0.07 	33.70 	1.6 	2.3 	5.3 		
2017/7/22 13:40	117.06 	19.03 	29.78 	0.08 	33.71 	1.5 	2.3 	4.9 		
2017/7/22 13:45	117.05 	19.02 	29.80 	0.07 	33.71 	1.6 	2.3 	5.1 		
2017/7/22 13:50	117.03 	19.02 	29.79 	0.07 	33.71 	1.6 	2.3 	5.2 		
2017/7/22 13:55	117.02 	19.01 	29.80 	0.07 	33.72 	1.5 	2.3 	4.9 		
2017/7/22 14:00	117.01 	19.00 	29.81 	0.07 	33.73 	1.5 	2.3 	4.9 		
2017/7/22 14:05	117.00 	19.00 	29.80 	0.07 	33.73 	1.5 	2.3 	4.8 		
2017/7/22 17:55	116.97 	19.02 	29.90 	0.07 	33.76 	1.7 	2.3 	5.5 		
2017/7/22 18:00	116.97 	19.02 	29.89 	0.06 	33.76 	1.7 	2.3 	5.6 		
2017/7/22 18:05	116.96 	19.03 	29.88 	0.06 	33.77 	1.8 	2.3 	5.9 		
2017/7/22 18:10	116.95 	19.04 	29.88 	0.06 	33.79 	1.8 	2.3 	5.7 		
2017/7/22 18:15	116.94 	19.06 	29.89 	0.06 	33.80 	1.8 	2.3 	5.7 		
2017/7/22 18:20	116.93 	19.07 	29.88 	0.05 	33.80 	1.7 	2.3 	5.5 		
2017/7/22 18:25	116.92 	19.08 	29.87 	0.06 	33.80 	1.7 	2.3 	5.6 		
2017/7/22 18:30	116.91 	19.09 	29.85 	0.06 	33.77 	1.6 	2.3 	5.2 		
2017/7/22 18:35	116.90 	19.10 	29.79 	0.05 	33.73 	1.7 	2.3 	5.4 		
2017/7/22 18:40	116.89 	19.11 	29.72 	0.05 	33.69 	1.7 	2.3 	5.3 		
2017/7/22 18:45	116.88 	19.12 	29.65 	0.05 	33.64 	1.6 	2.3 	5.3 		
2017/7/22 18:50	116.87 	19.13 	29.60 	0.05 	33.61 	1.7 	2.4 	5.9 		
2017/7/22 18:55	116.86 	19.14 	29.58 	0.06 	33.59 	1.7 	2.4 	5.9 		
2017/7/22 19:00	116.85 	19.15 	29.56 	0.06 	33.59 	1.6 	2.4 	5.6 		
2017/7/22 19:05	116.84 	19.16 	29.56 	0.06 	33.59 	1.7 	2.4 	5.9 		
2017/7/22 19:10	116.83 	19.17 	29.58 	0.07 	33.60 	1.7 	2.4 	6.0 		
2017/7/22 19:15	116.82 	19.18 	29.62 	0.08 	33.62 	1.7 	2.4 	5.8 		
2017/7/22 19:20	116.81 	19.19 	29.66 	0.08 	33.63 	1.7 	2.4 	6.1 		
2017/7/22 19:25	116.80 	19.20 	29.68 	0.08 	33.65 	1.6 	2.4 	5.7 		
2017/7/22 19:30	116.79 	19.21 	29.68 	0.07 	33.65 	1.7 	2.4 	5.9 		
2017/7/22 19:35	116.78 	19.22 	29.67 	0.07 	33.66 	1.7 	2.4 	5.8 		
2017/7/22 19:40	116.77 	19.23 	29.61 	0.06 	33.65 	1.7 	2.4 	5.9 		
2017/7/22 19:45	116.76 	19.24 	29.57 	0.05 	33.66 	1.8 	2.4 	6.2 		
2017/7/22 19:50	116.75 	19.25 	29.56 	0.06 	33.66 	1.7 	2.4 	6.0 		
2017/7/22 19:55	116.74 	19.26 	29.56 	0.07 	33.66 	1.7 	2.4 	6.0 		
2017/7/22 20:00	116.73 	19.27 	29.56 	0.07 	33.66 	1.8 	2.4 	6.1 		
2017/7/22 20:05	116.72 	19.28 	29.56 	0.07 	33.65 	1.7 	2.4 	5.9 		
2017/7/22 20:10	116.71 	19.29 	29.55 	0.07 	33.65 	1.6 	2.4 	5.7 		
2017/7/22 20:15	116.71 	19.30 	29.54 	0.06 	33.66 	1.8 	2.4 	6.2 		
2017/7/22 20:20	116.70 	19.31 	29.55 	0.07 	33.67 	1.7 	2.4 	5.8 		
2017/7/22 20:25	116.69 	19.32 	29.53 	0.07 	33.67 	1.8 	2.4 	6.1 		
2017/7/22 20:30	116.68 	19.33 	29.52 	0.07 	33.67 	1.7 	2.4 	5.9 		
2017/7/22 20:35	116.67 	19.34 	29.51 	0.07 	33.66 	1.8 	2.4 	6.4 		
2017/7/22 20:40	116.66 	19.34 	29.50 	0.07 	33.65 	1.7 	2.4 	6.1 		
2017/7/22 20:45	116.65 	19.35 	29.49 	0.08 	33.65 	1.6 	2.4 	5.7 		
2017/7/22 20:50	116.64 	19.36 	29.49 	0.07 	33.66 	1.8 	2.4 	6.3 		
2017/7/22 20:55	116.63 	19.37 	29.50 	0.07 	33.65 	1.8 	2.4 	6.2 		
2017/7/22 21:00	116.62 	19.38 	29.53 	0.08 	33.68 	1.8 	2.5 	6.4 		
2017/7/22 21:05	116.61 	19.39 	29.56 	0.08 	33.70 	1.8 	2.5 	6.6 		
2017/7/22 21:10	116.60 	19.40 	29.55 	0.07 	33.72 	1.7 	2.5 	6.3 		
2017/7/22 21:15	116.59 	19.41 	29.52 	0.07 	33.73 	1.8 	2.5 	6.5 		
2017/7/22 21:20	116.58 	19.42 	29.49 	0.06 	33.74 	1.8 	2.5 	6.5 		
2017/7/22 21:25	116.57 	19.43 	29.49 	0.07 	33.74 	1.8 	2.5 	6.5 		
2017/7/22 21:30	116.56 	19.44 	29.51 	0.07 	33.74 	1.8 	2.5 	6.3 		
2017/7/22 21:35	116.55 	19.45 	29.54 	0.08 	33.74 	1.7 	2.5 	6.3 		
2017/7/22 21:40	116.54 	19.46 	29.56 	0.07 	33.73 	1.8 	2.5 	6.4 		
2017/7/22 21:45	116.53 	19.47 	29.57 	0.07 	33.74 	1.7 	2.5 	6.1 		
2017/7/22 21:50	116.52 	19.48 	29.58 	0.07 	33.74 	1.8 	2.5 	6.4 		
2017/7/22 21:55	116.51 	19.49 	29.57 	0.07 	33.73 	1.8 	2.5 	6.5 		
2017/7/22 22:00	116.50 	19.50 	29.54 	0.06 	33.72 	1.7 	2.5 	6.3 		
2017/7/23 1:35	116.48 	19.52 	29.42 	0.07 	33.68 	2.1 	2.5 	7.5 		
2017/7/23 1:40	116.47 	19.53 	29.42 	0.07 	33.68 	2.1 	2.5 	7.6 		
2017/7/23 1:45	116.47 	19.54 	29.42 	0.08 	33.67 	1.9 	2.5 	7.0 		
2017/7/23 1:50	116.46 	19.55 	29.38 	0.06 	33.63 	2.1 	2.5 	7.7 		
2017/7/23 1:55	116.45 	19.56 	29.32 	0.06 	33.59 	2.2 	2.5 	7.9 		
2017/7/23 2:00	116.44 	19.57 	29.29 	0.07 	33.57 	2.2 	2.5 	8.0 		
2017/7/23 2:05	116.43 	19.58 	29.28 	0.08 	33.57 	2.2 	2.5 	8.1 		
2017/7/23 2:10	116.42 	19.59 	29.23 	0.07 	33.53 	2.4 	2.5 	8.5 		
2017/7/23 2:15	116.41 	19.61 	29.19 	0.08 	33.50 	2.3 	2.5 	8.2 		
2017/7/23 2:20	116.40 	19.62 	29.16 	0.08 	33.47 	2.2 	2.5 	7.9 		
2017/7/23 2:25	116.40 	19.63 	29.15 	0.09 	33.45 	2.2 	2.4 	7.3 		
2017/7/23 2:30	116.39 	19.64 	29.15 	0.09 	33.44 	2.1 	2.4 	7.2 		
2017/7/23 2:35	116.38 	19.65 	29.15 	0.09 	33.43 	2.1 	2.4 	7.0 		
2017/7/23 2:40	116.37 	19.66 	29.15 	0.10 	33.43 	2.3 	2.6 	8.4 		
2017/7/23 2:45	116.36 	19.67 	29.15 	0.09 	33.42 	2.1 	2.6 	7.7 		
2017/7/23 2:50	116.35 	19.68 	29.15 	0.09 	33.42 	2.0 	2.6 	7.6 		
2017/7/23 2:55	116.34 	19.69 	29.15 	0.10 	33.42 	2.2 	2.6 	8.3 		
2017/7/23 3:00	116.33 	19.70 	29.16 	0.10 	33.42 	2.2 	2.6 	8.2 		
2017/7/23 3:05	116.33 	19.71 	29.16 	0.09 	33.42 	2.1 	2.6 	7.9 		
2017/7/23 3:10	116.32 	19.73 	29.17 	0.09 	33.42 	2.0 	2.6 	7.6 		
2017/7/23 3:15	116.31 	19.74 	29.17 	0.09 	33.42 	2.0 	2.6 	7.6 		
2017/7/23 3:20	116.30 	19.75 	29.17 	0.09 	33.42 	2.1 	2.6 	7.7 		
2017/7/23 3:25	116.29 	19.76 	29.17 	0.09 	33.42 	2.0 	2.6 	7.6 		
2017/7/23 3:30	116.28 	19.77 	29.14 	0.09 	33.42 	2.0 	2.6 	7.6 		
2017/7/23 3:35	116.27 	19.78 	29.12 	0.08 	33.42 	2.0 	2.6 	7.4 		
2017/7/23 3:40	116.26 	19.79 	29.10 	0.09 	33.43 	2.1 	2.6 	8.0 		
2017/7/23 3:45	116.25 	19.80 	29.09 	0.09 	33.43 	2.0 	2.6 	7.5 		
2017/7/23 3:50	116.24 	19.81 	29.08 	0.09 	33.43 	2.1 	2.6 	7.7 		
2017/7/23 3:55	116.24 	19.83 	29.07 	0.09 	33.44 	2.1 	2.6 	7.9 		
2017/7/23 4:00	116.23 	19.84 	29.06 	0.09 	33.45 	2.1 	2.6 	7.9 		
2017/7/23 4:05	116.22 	19.85 	29.05 	0.09 	33.47 	2.0 	2.6 	7.6 		
2017/7/23 4:10	116.21 	19.86 	29.05 	0.10 	33.49 	1.9 	2.6 	7.2 		
2017/7/23 4:15	116.20 	19.87 	29.06 	0.09 	33.50 	2.1 	2.6 	7.8 		
2017/7/23 4:20	116.19 	19.88 	29.07 	0.10 	33.50 	2.0 	2.5 	7.1 		
2017/7/23 4:25	116.18 	19.89 	29.07 	0.10 	33.52 	2.1 	2.5 	7.4 		
2017/7/23 4:30	116.18 	19.90 	29.08 	0.10 	33.52 	2.1 	2.5 	7.4 		
2017/7/23 4:35	116.17 	19.91 	29.10 	0.10 	33.53 	2.2 	2.5 	7.7 		
2017/7/23 4:40	116.16 	19.92 	29.12 	0.10 	33.53 	2.0 	2.5 	7.2 		
2017/7/23 4:45	116.15 	19.94 	29.12 	0.10 	33.53 	2.0 	2.5 	7.1 		
2017/7/23 4:50	116.14 	19.95 	29.13 	0.09 	33.56 	2.1 	2.5 	7.4 		
2017/7/23 4:55	116.13 	19.96 	29.15 	0.10 	33.61 	2.1 	2.5 	7.4 		
2017/7/23 5:00	116.12 	19.97 	29.20 	0.10 	33.66 	2.0 	2.7 	7.8 		
2017/7/23 5:05	116.12 	19.98 	29.24 	0.10 	33.69 	2.1 	2.7 	8.2 		
2017/7/23 5:10	116.11 	19.99 	29.27 	0.09 	33.71 	2.0 	2.7 	8.1 		
2017/7/23 5:15	116.10 	20.00 	29.29 	0.08 	33.73 	2.1 	2.7 	8.2 		
2017/7/23 5:20	116.09 	20.01 	29.32 	0.09 	33.74 	2.1 	2.8 	8.3 		
2017/7/23 5:25	116.08 	20.02 	29.34 	0.09 	33.74 	1.9 	2.8 	7.7 		
2017/7/23 5:30	116.07 	20.03 	29.35 	0.08 	33.74 	2.0 	2.8 	8.0 		
2017/7/23 5:35	116.07 	20.04 	29.35 	0.08 	33.72 	2.0 	2.8 	7.7 		
2017/7/23 5:40	116.06 	20.05 	29.32 	0.07 	33.69 	2.0 	2.8 	7.8 		
2017/7/23 5:45	116.05 	20.05 	29.25 	0.06 	33.63 	2.0 	2.8 	7.9 		
2017/7/23 7:50	116.05 	20.04 	29.08 	0.10 	33.54 	1.8 	2.7 	7.2 		
2017/7/23 7:55	116.05 	20.05 	29.08 	0.10 	33.54 	1.7 	2.7 	6.7 		
2017/7/23 8:00	116.04 	20.06 	29.09 	0.10 	33.53 	1.8 	2.6 	6.7 		
2017/7/23 8:05	116.04 	20.07 	29.11 	0.10 	33.52 	1.7 	2.6 	6.3 		
2017/7/23 8:25	116.00 	20.11 	29.22 	0.10 	33.44 	1.4 	2.6 	5.3 		
2017/7/23 8:40	115.98 	20.14 	29.32 	0.08 	33.41 	1.5 	2.5 	5.2 		
2017/7/23 8:45	115.97 	20.15 	29.36 	0.08 	33.41 	1.5 	2.5 	5.2 		
2017/7/23 8:50	115.96 	20.16 	29.40 	0.08 	33.41 	1.5 	2.5 	5.5 		
2017/7/23 8:55	115.96 	20.17 	29.42 	0.08 	33.41 	1.6 	2.5 	5.7 		
2017/7/23 9:00	115.95 	20.18 	29.43 	0.07 	33.42 	1.6 	2.5 	5.7 		
2017/7/23 9:05	115.94 	20.20 	29.45 	0.07 	33.42 	1.6 	2.5 	5.5 		
2017/7/23 9:10	115.93 	20.21 	29.46 	0.07 	33.42 	1.6 	2.5 	5.5 		
2017/7/23 9:15	115.92 	20.22 	29.47 	0.07 	33.43 	1.5 	2.5 	5.3 		
2017/7/23 9:20	115.91 	20.23 	29.47 	0.07 	33.44 	1.6 	2.5 	5.8 		
2017/7/23 9:25	115.90 	20.24 	29.46 	0.07 	33.45 	1.6 	2.5 	5.8 		
2017/7/23 9:30	115.90 	20.25 	29.47 	0.07 	33.45 	1.6 	2.5 	5.8 		
2017/7/23 9:35	115.89 	20.26 	29.47 	0.07 	33.45 	1.6 	2.5 	5.7 		
2017/7/23 9:40	115.88 	20.27 	29.47 	0.07 	33.46 	1.6 	2.5 	5.6 		
2017/7/23 9:45	115.87 	20.28 	29.47 	0.06 	33.47 	1.5 	2.7 	5.8 		
2017/7/23 9:50	115.86 	20.29 	29.46 	0.07 	33.49 	1.6 	2.7 	6.1 		
2017/7/23 9:55	115.85 	20.30 	29.46 	0.07 	33.54 	1.7 	2.7 	6.3 		
2017/7/23 10:00	115.85 	20.31 	29.45 	0.07 	33.57 	1.5 	2.7 	5.7 		
2017/7/23 10:05	115.84 	20.32 	29.45 	0.07 	33.61 	1.7 	2.7 	6.6 		
2017/7/23 10:10	115.83 	20.33 	29.46 	0.07 	33.63 	1.6 	2.7 	6.3 		
2017/7/23 10:15	115.82 	20.34 	29.47 	0.07 	33.64 	1.7 	2.7 	6.4 		
2017/7/23 10:20	115.82 	20.35 	29.47 	0.07 	33.66 	1.8 	2.7 	6.8 		
2017/7/23 10:25	115.81 	20.36 	29.46 	0.07 	33.67 	1.8 	2.7 	6.9 		
2017/7/23 10:30	115.80 	20.37 	29.45 	0.06 	33.71 	1.7 	2.7 	6.4 		
2017/7/23 10:35	115.79 	20.38 	29.45 	0.07 	33.76 	1.6 	2.5 	5.9 		
2017/7/23 10:40	115.78 	20.39 	29.46 	0.07 	33.78 	1.6 	2.5 	5.7 		
2017/7/23 10:45	115.78 	20.40 	29.47 	0.07 	33.80 	1.6 	2.5 	5.7 		
2017/7/23 10:50	115.77 	20.41 	29.48 	0.07 	33.83 	1.6 	2.5 	6.0 		
2017/7/23 10:55	115.76 	20.42 	29.49 	0.07 	33.85 	1.6 	2.5 	5.9 		
2017/7/23 11:00	115.75 	20.43 	29.50 	0.07 	33.88 	1.5 	2.5 	5.5 		
2017/7/23 11:05	115.75 	20.44 	29.49 	0.07 	33.90 	1.6 	2.5 	5.8 		
2017/7/23 11:10	115.74 	20.45 	29.46 	0.07 	33.94 	1.6 	2.5 	5.7 		
2017/7/23 11:15	115.73 	20.46 	29.42 	0.06 	34.00 	1.6 	2.5 	5.6 		
2017/7/23 11:20	115.72 	20.47 	29.36 	0.06 	34.04 	1.5 	2.5 	5.4 		
2017/7/23 11:25	115.71 	20.48 	29.32 	0.07 	34.06 	1.7 	2.5 	6.1 		
2017/7/23 11:30	115.70 	20.49 	29.27 	0.07 	34.08 	1.7 	2.5 	6.0 		
2017/7/23 11:35	115.70 	20.50 	29.19 	0.07 	34.10 	1.6 	2.5 	5.8 		
2017/7/23 11:40	115.69 	20.51 	29.16 	0.08 	34.11 	1.6 	2.5 	5.8 		
2017/7/23 11:45	115.68 	20.52 	29.16 	0.08 	34.11 	1.7 	2.5 	6.0 		
2017/7/23 13:30	115.68 	20.51 	29.54 	0.06 	34.09 	1.6 	2.5 	5.8 		
2017/7/23 13:35	115.67 	20.51 	29.44 	0.05 	34.08 	1.5 	2.5 	5.3 		
2017/7/23 13:40	115.67 	20.49 	29.38 	0.05 	34.09 	1.6 	2.5 	5.6 		
2017/7/23 13:45	115.66 	20.48 	29.35 	0.07 	34.11 	1.5 	2.5 	5.4 		
2017/7/23 13:50	115.65 	20.47 	29.33 	0.06 	34.12 	1.6 	2.5 	5.6 		
2017/7/23 13:55	115.65 	20.46 	29.30 	0.07 	34.13 	1.5 	2.5 	5.4 		
2017/7/23 14:00	115.64 	20.44 	29.26 	0.07 	34.15 	1.6 	2.5 	5.7 		
2017/7/23 14:05	115.63 	20.43 	29.25 	0.07 	34.16 	1.6 	2.5 	5.6 		
2017/7/23 14:10	115.63 	20.42 	29.23 	0.08 	34.12 	1.6 	2.5 	5.9 		
2017/7/23 14:15	115.62 	20.40 	29.15 	0.07 	33.99 	1.6 	2.6 	6.1 		
2017/7/23 14:20	115.62 	20.39 	29.18 	0.09 	33.83 	1.6 	2.6 	6.1 		
2017/7/23 14:25	115.61 	20.38 	29.25 	0.10 	33.67 	1.5 	2.6 	5.8 		
2017/7/23 14:30	115.60 	20.37 	29.23 	0.09 	33.60 	1.7 	2.8 	7.0 		
2017/7/23 14:35	115.60 	20.35 	29.19 	0.08 	33.58 	1.8 	2.8 	7.1 		
2017/7/23 14:40	115.59 	20.34 	29.16 	0.08 	33.58 	1.8 	2.8 	7.2 		
2017/7/23 14:45	115.59 	20.33 	29.15 	0.08 	33.59 	1.8 	2.8 	7.1 		
2017/7/23 14:50	115.58 	20.31 	29.17 	0.09 	33.62 	1.8 	2.8 	7.1 		
2017/7/23 14:55	115.58 	20.30 	29.21 	0.09 	33.67 	1.8 	2.8 	7.1 		
2017/7/23 15:00	115.57 	20.29 	29.20 	0.09 	33.71 	1.7 	2.8 	6.9 		
2017/7/23 15:05	115.56 	20.28 	29.30 	0.10 	33.77 	1.5 	2.8 	6.1 		
2017/7/23 15:10	115.56 	20.26 	29.40 	0.10 	33.81 	1.5 	2.8 	6.2 		
2017/7/23 15:15	115.55 	20.25 	29.45 	0.09 	33.83 	1.5 	2.8 	6.2 		
2017/7/23 15:20	115.55 	20.24 	29.53 	0.09 	33.81 	1.4 	2.8 	5.8 		
2017/7/23 15:25	115.54 	20.22 	29.63 	0.10 	33.72 	1.4 	2.8 	5.8 		
2017/7/23 15:30	115.54 	20.21 	29.65 	0.07 	33.66 	1.5 	2.8 	6.2 		
2017/7/23 15:35	115.53 	20.20 	29.68 	0.07 	33.61 	1.6 	2.8 	6.6 		
2017/7/23 15:40	115.53 	20.19 	29.69 	0.06 	33.58 	1.6 	2.8 	6.7 		
2017/7/23 15:45	115.52 	20.17 	29.68 	0.06 	33.55 	1.6 	2.8 	6.5 		
2017/7/23 15:50	115.52 	20.16 	29.67 	0.06 	33.55 	1.6 	2.8 	6.5 		
2017/7/23 15:55	115.51 	20.15 	29.67 	0.06 	33.54 	1.7 	2.8 	6.7 		
2017/7/23 16:00	115.51 	20.14 	29.68 	0.06 	33.54 	1.7 	2.8 	6.7 		
2017/7/23 16:05	115.50 	20.12 	29.72 	0.07 	33.54 	1.7 	3.0 	7.1 		
2017/7/23 16:10	115.50 	20.11 	29.74 	0.07 	33.52 	1.6 	3.0 	6.8 		
2017/7/23 16:15	115.49 	20.10 	29.73 	0.06 	33.52 	1.6 	3.0 	6.7 		
2017/7/23 16:20	115.49 	20.09 	29.74 	0.07 	33.54 	1.7 	3.0 	7.4 		
2017/7/23 16:25	115.48 	20.07 	29.76 	0.06 	33.55 	1.6 	3.0 	6.8 		
2017/7/23 16:30	115.47 	20.06 	29.76 	0.07 	33.55 	1.6 	3.0 	6.7 		
2017/7/23 16:35	115.47 	20.05 	29.74 	0.05 	33.56 	1.6 	3.0 	7.0 		
2017/7/23 16:40	115.46 	20.04 	29.74 	0.06 	33.56 	1.6 	3.0 	7.0 		
2017/7/23 16:45	115.46 	20.02 	29.72 	0.06 	33.56 	1.7 	3.0 	7.1 		
2017/7/23 16:50	115.45 	20.01 	29.70 	0.06 	33.55 	1.7 	3.0 	7.3 		
2017/7/23 16:55	115.45 	20.00 	29.66 	0.05 	33.54 	1.7 	3.0 	7.2 		
2017/7/23 17:00	115.44 	19.99 	29.60 	0.05 	33.54 	1.7 	3.0 	7.1 		
2017/7/23 17:05	115.43 	19.97 	29.62 	0.07 	33.53 	1.7 	3.0 	7.1 		
2017/7/23 17:10	115.43 	19.96 	29.65 	0.07 	33.49 	1.6 	3.0 	6.7 		
2017/7/23 17:15	115.42 	19.95 	29.65 	0.07 	33.46 	1.6 	3.0 	6.8 		
2017/7/23 17:20	115.42 	19.94 	29.65 	0.06 	33.44 	1.6 	3.0 	7.0 		
2017/7/23 17:25	115.41 	19.92 	29.65 	0.06 	33.43 	1.7 	3.0 	7.3 		
2017/7/23 17:30	115.40 	19.91 	29.63 	0.06 	33.41 	1.6 	3.0 	6.9 		
2017/7/23 17:35	115.40 	19.90 	29.59 	0.06 	33.40 	1.8 	3.0 	7.6 		
2017/7/23 17:40	115.39 	19.89 	29.57 	0.06 	33.40 	1.7 	3.0 	7.4 		
2017/7/23 17:45	115.39 	19.87 	29.57 	0.07 	33.40 	1.8 	3.1 	7.9 		
2017/7/23 17:50	115.38 	19.86 	29.58 	0.06 	33.41 	1.8 	3.1 	8.1 		
2017/7/23 17:55	115.37 	19.85 	29.58 	0.06 	33.42 	1.9 	3.3 	8.9 		
2017/7/23 18:00	115.37 	19.83 	29.60 	0.07 	33.43 	1.8 	3.3 	8.7 		
2017/7/23 18:05	115.36 	19.82 	29.60 	0.07 	33.44 	1.9 	3.3 	9.0 		
2017/7/23 18:10	115.36 	19.81 	29.63 	0.07 	33.47 	1.8 	3.3 	8.3 		
2017/7/23 18:15	115.35 	19.80 	29.68 	0.08 	33.52 	1.8 	3.3 	8.4 		
2017/7/23 18:20	115.35 	19.78 	29.69 	0.08 	33.54 	1.6 	3.3 	7.6 		
2017/7/23 18:25	115.34 	19.77 	29.63 	0.05 	33.52 	1.6 	3.3 	7.3 		
2017/7/23 18:30	115.34 	19.76 	29.57 	0.05 	33.50 	1.5 	3.2 	6.7 		
2017/7/23 18:35	115.33 	19.75 	29.53 	0.05 	33.49 	1.4 	3.2 	6.5 		
2017/7/23 18:40	115.33 	19.73 	29.49 	0.05 	33.48 	1.4 	3.2 	6.3 		
2017/7/23 18:45	115.32 	19.72 	29.47 	0.06 	33.48 	1.5 	3.2 	6.8 		
2017/7/23 18:50	115.32 	19.71 	29.47 	0.07 	33.48 	1.4 	3.2 	6.4 		
2017/7/23 18:55	115.31 	19.70 	29.49 	0.07 	33.47 	1.4 	3.2 	6.4 		
2017/7/23 19:00	115.31 	19.68 	29.47 	0.07 	33.45 	1.4 	3.2 	6.4 		
2017/7/23 19:05	115.30 	19.67 	29.43 	0.06 	33.44 	1.4 	3.2 	6.7 		
2017/7/23 19:10	115.29 	19.66 	29.40 	0.05 	33.41 	1.4 	3.2 	6.3 		
2017/7/23 19:15	115.29 	19.65 	29.36 	0.06 	33.40 	1.5 	3.2 	6.8 		
2017/7/23 19:20	115.28 	19.64 	29.34 	0.06 	33.39 	1.5 	3.2 	6.7 		
2017/7/23 19:25	115.28 	19.62 	29.33 	0.07 	33.39 	1.5 	3.3 	7.0 		
2017/7/23 19:30	115.27 	19.61 	29.36 	0.08 	33.41 	1.5 	3.3 	7.3 		
2017/7/23 19:35	115.26 	19.60 	29.36 	0.07 	33.41 	1.5 	3.3 	7.2 		
2017/7/23 19:40	115.26 	19.59 	29.33 	0.07 	33.39 	1.4 	3.3 	6.8 		
2017/7/23 19:45	115.25 	19.58 	29.28 	0.06 	33.38 	1.4 	3.3 	6.6 		
2017/7/23 19:50	115.25 	19.56 	29.29 	0.09 	33.39 	1.4 	3.3 	6.7 		
2017/7/23 19:55	115.24 	19.55 	29.31 	0.08 	33.38 	1.4 	3.3 	6.9 		
2017/7/23 20:00	115.24 	19.54 	29.30 	0.08 	33.37 	1.4 	3.3 	6.7 		
2017/7/23 20:05	115.23 	19.53 	29.30 	0.08 	33.37 	1.4 	3.3 	6.6 		
2017/7/23 20:10	115.23 	19.52 	29.31 	0.08 	33.36 	1.4 	3.3 	6.7 		
2017/7/23 20:15	115.22 	19.50 	29.31 	0.08 	33.35 	1.3 	3.3 	6.2 		
2017/7/23 20:20	115.22 	19.49 	29.30 	0.08 	33.35 	1.4 	3.3 	6.7 		
2017/7/23 20:25	115.21 	19.48 	29.31 	0.08 	33.35 	1.3 	3.3 	6.1 		
2017/7/23 20:30	115.21 	19.47 	29.32 	0.08 	33.35 	1.2 	3.3 	5.9 		
2017/7/23 20:35	115.20 	19.46 	29.29 	0.08 	33.35 	1.3 	3.3 	6.4 		
2017/7/23 20:40	115.19 	19.44 	29.25 	0.07 	33.34 	1.4 	3.3 	6.7 		
2017/7/23 20:45	115.19 	19.43 	29.24 	0.08 	33.34 	1.3 	3.3 	6.0 		
2017/7/23 20:50	115.18 	19.42 	29.25 	0.08 	33.33 	1.4 	3.3 	6.8 		
2017/7/23 20:55	115.18 	19.41 	29.25 	0.08 	33.32 	1.4 	3.3 	6.9 		
2017/7/23 21:00	115.17 	19.40 	29.25 	0.08 	33.31 	1.5 	3.3 	7.3 		
2017/7/23 21:05	115.17 	19.38 	29.23 	0.08 	33.29 	1.5 	3.3 	6.9 		
2017/7/23 21:10	115.16 	19.37 	29.25 	0.09 	33.29 	1.4 	3.4 	7.1 		
2017/7/23 21:15	115.16 	19.36 	29.25 	0.08 	33.29 	1.4 	3.4 	7.1 		
2017/7/23 21:20	115.15 	19.35 	29.25 	0.08 	33.29 	1.4 	3.4 	7.0 		
2017/7/23 21:25	115.15 	19.34 	29.25 	0.08 	33.29 	1.4 	3.4 	6.8 		
2017/7/23 21:30	115.14 	19.32 	29.26 	0.08 	33.29 	1.3 	3.4 	6.6 		
2017/7/23 21:35	115.14 	19.31 	29.25 	0.08 	33.28 	1.3 	3.4 	6.6 		
2017/7/23 21:40	115.13 	19.30 	29.26 	0.08 	33.29 	1.4 	3.4 	6.8 		
2017/7/23 21:45	115.13 	19.29 	29.27 	0.08 	33.29 	1.4 	3.4 	6.9 		
2017/7/23 21:50	115.12 	19.28 	29.26 	0.08 	33.28 	1.4 	3.5 	7.1 		
2017/7/23 21:55	115.12 	19.26 	29.25 	0.08 	33.28 	1.4 	3.5 	7.1 		
2017/7/23 22:00	115.11 	19.25 	29.24 	0.08 	33.28 	1.5 	3.5 	7.5 		
2017/7/23 22:05	115.11 	19.24 	29.23 	0.08 	33.28 	1.4 	3.5 	7.0 		
2017/7/23 22:10	115.10 	19.23 	29.23 	0.08 	33.28 	1.4 	3.5 	7.3 		
2017/7/23 22:15	115.10 	19.22 	29.24 	0.08 	33.29 	1.4 	3.5 	7.2 		
2017/7/23 22:20	115.09 	19.21 	29.24 	0.09 	33.29 	1.5 	3.5 	7.6 		
2017/7/23 22:25	115.09 	19.19 	29.23 	0.08 	33.29 	1.5 	3.5 	7.8 		
2017/7/23 22:30	115.08 	19.18 	29.24 	0.08 	33.31 	1.4 	3.5 	7.2 		
2017/7/23 22:35	115.08 	19.17 	29.27 	0.09 	33.34 	1.6 	3.5 	7.9 		
2017/7/23 22:40	115.07 	19.16 	29.30 	0.09 	33.37 	1.5 	3.5 	7.6 		
2017/7/23 22:45	115.06 	19.15 	29.32 	0.08 	33.39 	1.6 	3.5 	8.2 		
2017/7/23 22:50	115.06 	19.14 	29.32 	0.08 	33.41 	1.7 	3.5 	8.4 		
2017/7/23 22:55	115.05 	19.13 	29.33 	0.07 	33.42 	1.5 	3.5 	7.8 		
2017/7/23 23:00	115.05 	19.11 	29.35 	0.08 	33.46 	1.6 	3.5 	8.0 		
2017/7/23 23:05	115.04 	19.10 	29.40 	0.08 	33.54 	1.5 	3.5 	7.7 		
2017/7/23 23:10	115.04 	19.09 	29.42 	0.08 	33.62 	1.5 	3.5 	7.7 		
2017/7/23 23:15	115.03 	19.08 	29.42 	0.07 	33.69 	1.4 	3.5 	7.3 		
2017/7/23 23:20	115.03 	19.07 	29.39 	0.07 	33.77 	1.4 	3.5 	6.9 		
2017/7/23 23:25	115.02 	19.06 	29.36 	0.06 	33.87 	1.5 	3.5 	7.4 		
2017/7/23 23:30	115.02 	19.04 	29.33 	0.07 	33.92 	1.5 	3.5 	7.6 		
2017/7/23 23:35	115.01 	19.03 	29.29 	0.07 	33.93 	1.5 	3.5 	7.4 		
2017/7/23 23:40	115.01 	19.02 	29.27 	0.07 	33.93 	1.4 	3.5 	7.1 		
2017/7/23 23:45	115.00 	19.01 	29.27 	0.08 	33.91 	1.4 	3.5 	7.0 		
2017/7/23 23:50	115.00 	19.00 	29.29 	0.08 	33.88 	1.4 	3.5 	7.1 		
2017/7/23 23:55	115.00 	19.00 	29.27 	0.08 	33.84 	1.6 	3.5 	7.8 		
2017/7/24 2:55	115.05 	19.03 	29.21 	0.09 	33.81 	1.5 	3.5 	7.5 		
2017/7/24 3:00	115.06 	19.03 	29.21 	0.09 	33.82 	1.4 	3.5 	7.2 		
2017/7/24 3:05	115.07 	19.03 	29.21 	0.09 	33.84 	1.4 	3.5 	7.2 		
2017/7/24 3:10	115.08 	19.03 	29.21 	0.09 	33.86 	1.5 	3.5 	7.3 		
2017/7/24 3:15	115.10 	19.03 	29.22 	0.09 	33.88 	1.5 	3.5 	7.3 		
2017/7/24 3:20	115.11 	19.03 	29.20 	0.09 	33.91 	1.6 	3.5 	7.9 		
2017/7/24 3:25	115.13 	19.03 	29.18 	0.09 	33.94 	1.6 	3.4 	7.8 		
2017/7/24 3:30	115.14 	19.03 	29.16 	0.09 	33.97 	1.5 	3.4 	7.2 		
2017/7/24 3:35	115.16 	19.03 	29.16 	0.09 	33.98 	1.5 	3.4 	7.5 		
2017/7/24 3:40	115.17 	19.03 	29.18 	0.09 	33.98 	1.6 	3.4 	7.9 		
2017/7/24 3:45	115.19 	19.03 	29.24 	0.10 	33.93 	1.7 	3.4 	8.4 		
2017/7/24 3:50	115.20 	19.03 	29.28 	0.10 	33.86 	1.6 	3.4 	7.7 		
2017/7/24 3:55	115.22 	19.03 	29.33 	0.10 	33.81 	1.5 	3.4 	7.5 		
2017/7/24 4:00	115.23 	19.03 	29.35 	0.09 	33.76 	1.6 	3.4 	8.0 		
2017/7/24 4:05	115.25 	19.03 	29.37 	0.08 	33.72 	1.6 	3.4 	7.7 		
2017/7/24 4:10	115.26 	19.03 	29.39 	0.08 	33.68 	1.6 	3.4 	7.7 		
2017/7/24 4:15	115.28 	19.02 	29.40 	0.08 	33.64 	1.5 	3.4 	7.3 		
2017/7/24 4:20	115.29 	19.02 	29.40 	0.07 	33.62 	1.5 	3.4 	7.6 		
2017/7/24 4:25	115.31 	19.02 	29.40 	0.07 	33.60 	1.5 	3.5 	7.5 		
2017/7/24 4:30	115.32 	19.02 	29.41 	0.07 	33.58 	1.5 	3.5 	7.5 		
2017/7/24 4:35	115.34 	19.02 	29.41 	0.07 	33.55 	1.5 	3.5 	7.2 		
2017/7/24 4:40	115.35 	19.02 	29.39 	0.06 	33.51 	1.5 	3.5 	7.4 		
2017/7/24 4:45	115.37 	19.02 	29.36 	0.06 	33.48 	1.6 	3.5 	8.0 		
2017/7/24 4:50	115.38 	19.02 	29.35 	0.07 	33.46 	1.6 	3.3 	7.6 		
2017/7/24 4:55	115.40 	19.02 	29.34 	0.08 	33.46 	1.8 	3.3 	8.7 		
2017/7/24 5:00	115.41 	19.02 	29.35 	0.08 	33.46 	1.7 	3.3 	8.0 		
2017/7/24 5:05	115.43 	19.02 	29.36 	0.08 	33.44 	1.5 	3.3 	7.4 		
2017/7/24 5:10	115.44 	19.02 	29.37 	0.08 	33.42 	1.7 	3.3 	8.0 		
2017/7/24 5:15	115.46 	19.02 	29.38 	0.07 	33.40 	1.6 	3.3 	7.7 		
2017/7/24 5:20	115.47 	19.02 	29.36 	0.08 	33.37 	1.6 	3.3 	7.6 		
2017/7/24 5:25	115.49 	19.02 	29.35 	0.08 	33.36 	1.5 	3.3 	7.0 		
2017/7/24 5:30	115.50 	19.02 	29.34 	0.07 	33.34 	1.4 	3.3 	6.9 		
2017/7/24 5:35	115.52 	19.01 	29.32 	0.07 	33.32 	1.4 	3.3 	6.8 		
2017/7/24 5:40	115.54 	19.01 	29.30 	0.08 	33.31 	1.4 	3.3 	6.7 		
2017/7/24 5:45	115.55 	19.01 	29.29 	0.08 	33.31 	1.3 	3.3 	6.3 		
2017/7/24 5:50	115.57 	19.01 	29.28 	0.08 	33.30 	1.3 	3.3 	6.5 		
2017/7/24 5:55	115.58 	19.01 	29.28 	0.07 	33.30 	1.3 	3.3 	6.4 		
2017/7/24 6:00	115.60 	19.01 	29.26 	0.08 	33.29 	1.3 	3.3 	6.4 		
2017/7/24 6:05	115.61 	19.01 	29.25 	0.08 	33.28 	1.4 	3.3 	6.7 		
2017/7/24 6:10	115.63 	19.01 	29.23 	0.08 	33.28 	1.4 	3.2 	6.4 		
2017/7/24 6:15	115.64 	19.01 	29.23 	0.08 	33.28 	1.3 	3.2 	6.0 		
2017/7/24 6:20	115.66 	19.01 	29.21 	0.08 	33.27 	1.3 	3.2 	6.0 		
2017/7/24 6:25	115.67 	19.00 	29.19 	0.08 	33.26 	1.4 	3.2 	6.4 		
2017/7/24 6:30	115.69 	19.00 	29.15 	0.08 	33.25 	1.4 	3.2 	6.4 		
2017/7/24 6:35	115.70 	19.00 	29.12 	0.09 	33.25 	1.4 	3.2 	6.5 		
2017/7/24 6:40	115.72 	19.00 	29.10 	0.09 	33.26 	1.4 	3.2 	6.6 		
2017/7/24 6:45	115.73 	19.00 	29.10 	0.09 	33.26 	1.4 	3.2 	6.4 		
2017/7/24 6:50	115.75 	19.00 	29.10 	0.10 	33.27 	1.5 	3.2 	6.8 		
2017/7/24 6:55	115.76 	19.00 	29.13 	0.10 	33.28 	1.4 	3.2 	6.5 		
2017/7/24 7:00	115.78 	19.00 	29.16 	0.10 	33.28 	1.4 	3.2 	6.5 		
2017/7/24 7:05	115.79 	19.00 	29.17 	0.10 	33.28 	1.4 	3.2 	6.5 		
2017/7/24 7:10	115.81 	19.00 	29.16 	0.09 	33.28 	1.5 	3.2 	7.0 		
2017/7/24 7:15	115.83 	19.00 	29.16 	0.08 	33.28 	1.4 	3.2 	6.6 		
2017/7/24 7:20	115.84 	19.00 	29.17 	0.09 	33.28 	1.3 	3.2 	5.9 		
2017/7/24 7:25	115.86 	19.00 	29.17 	0.09 	33.28 	1.3 	3.3 	5.9 		
2017/7/24 7:30	115.87 	19.00 	29.16 	0.09 	33.28 	1.4 	3.2 	6.4 		
2017/7/24 7:35	115.89 	19.00 	29.16 	0.09 	33.29 	1.3 	3.1 	6.0 		
2017/7/24 7:40	115.90 	19.00 	29.17 	0.10 	33.29 	1.3 	3.1 	5.6 		
2017/7/24 7:45	115.92 	19.00 	29.21 	0.10 	33.31 	1.2 	3.1 	5.4 		
2017/7/24 7:50	115.93 	19.00 	29.22 	0.09 	33.32 	1.3 	3.1 	6.0 		
2017/7/24 7:55	115.95 	19.00 	29.21 	0.08 	33.33 	1.3 	3.1 	5.9 		
2017/7/24 8:00	115.96 	19.00 	29.21 	0.09 	33.34 	1.4 	3.0 	6.2 		
2017/7/24 8:05	115.98 	19.00 	29.21 	0.09 	33.35 	1.4 	3.0 	6.2 		
2017/7/24 8:10	115.99 	19.00 	29.21 	0.09 	33.36 	1.4 	3.0 	6.1 		
2017/7/24 8:15	116.00 	19.00 	29.23 	0.09 	33.37 	1.4 	3.0 	6.2 		
2017/7/24 13:45	116.05 	18.99 	29.62 	0.06 	33.38 	1.4 	3.0 	6.0 		
2017/7/24 13:50	116.06 	18.98 	29.62 	0.06 	33.38 	1.2 	3.0 	5.2 		
2017/7/24 13:55	116.07 	18.98 	29.62 	0.06 	33.38 	1.2 	3.0 	5.4 		
2017/7/24 14:00	116.08 	18.97 	29.63 	0.06 	33.38 	1.3 	3.0 	5.7 		
2017/7/24 14:05	116.09 	18.96 	29.65 	0.07 	33.39 	1.4 	3.0 	5.9 		
2017/7/24 14:10	116.10 	18.95 	29.66 	0.07 	33.39 	1.3 	3.0 	5.5 		
2017/7/24 14:15	116.11 	18.94 	29.66 	0.06 	33.38 	1.2 	3.0 	5.4 		
2017/7/24 14:20	116.13 	18.94 	29.63 	0.05 	33.37 	1.2 	2.8 	5.0 		
2017/7/24 14:25	116.14 	18.93 	29.60 	0.05 	33.37 	1.3 	2.8 	5.5 		
2017/7/24 14:30	116.15 	18.92 	29.62 	0.07 	33.40 	1.3 	2.8 	5.2 		
2017/7/24 14:35	116.16 	18.91 	29.67 	0.07 	33.42 	1.2 	2.8 	5.0 		
2017/7/24 14:40	116.17 	18.90 	29.69 	0.07 	33.43 	1.3 	2.8 	5.2 		
2017/7/24 14:45	116.18 	18.89 	29.69 	0.06 	33.43 	1.3 	2.8 	5.3 		
2017/7/24 14:50	116.20 	18.89 	29.69 	0.06 	33.42 	1.3 	2.8 	5.4 		
2017/7/24 14:55	116.21 	18.88 	29.69 	0.07 	33.42 	1.3 	2.8 	5.1 		
2017/7/24 15:00	116.22 	18.87 	29.69 	0.06 	33.41 	1.4 	2.9 	5.7 		
2017/7/24 15:05	116.23 	18.86 	29.70 	0.07 	33.42 	1.3 	2.9 	5.4 		
2017/7/24 15:10	116.24 	18.85 	29.73 	0.07 	33.42 	1.3 	2.9 	5.5 		
2017/7/24 15:15	116.25 	18.84 	29.74 	0.07 	33.42 	1.4 	2.9 	5.8 		
2017/7/24 15:20	116.27 	18.84 	29.74 	0.06 	33.41 	1.3 	2.9 	5.3 		
2017/7/24 15:25	116.28 	18.83 	29.72 	0.05 	33.41 	1.3 	2.9 	5.2 		
2017/7/24 15:30	116.29 	18.82 	29.72 	0.07 	33.40 	1.3 	2.9 	5.3 		
2017/7/24 15:35	116.30 	18.81 	29.74 	0.07 	33.40 	1.3 	2.9 	5.4 		
2017/7/24 15:40	116.31 	18.80 	29.75 	0.07 	33.41 	1.3 	2.9 	5.5 		
2017/7/24 15:45	116.33 	18.79 	29.77 	0.07 	33.42 	1.4 	2.9 	5.7 		
2017/7/24 15:50	116.34 	18.79 	29.79 	0.06 	33.43 	1.4 	2.9 	5.7 		
2017/7/24 15:55	116.35 	18.78 	29.79 	0.07 	33.44 	1.4 	2.9 	5.9 		
2017/7/24 16:00	116.36 	18.77 	29.79 	0.07 	33.44 	1.3 	2.9 	5.2 		
2017/7/24 16:05	116.37 	18.76 	29.79 	0.06 	33.44 	1.4 	2.9 	5.6 		
2017/7/24 16:10	116.38 	18.75 	29.81 	0.07 	33.44 	1.3 	2.7 	5.2 		
2017/7/24 16:15	116.39 	18.74 	29.82 	0.06 	33.44 	1.3 	2.7 	4.9 		
2017/7/24 16:20	116.41 	18.74 	29.84 	0.06 	33.44 	1.3 	2.7 	4.9 		
2017/7/24 16:25	116.42 	18.73 	29.84 	0.06 	33.43 	1.3 	2.7 	5.1 		
2017/7/24 16:30	116.43 	18.72 	29.81 	0.06 	33.42 	1.4 	2.7 	5.3 		
2017/7/24 16:35	116.44 	18.71 	29.80 	0.05 	33.42 	1.3 	2.7 	5.1 		
2017/7/24 16:40	116.45 	18.70 	29.78 	0.05 	33.40 	1.3 	2.7 	5.0 		
2017/7/24 16:45	116.46 	18.69 	29.76 	0.06 	33.38 	1.3 	2.7 	5.1 		
2017/7/24 16:50	116.47 	18.68 	29.73 	0.05 	33.37 	1.4 	2.7 	5.3 		
2017/7/24 16:55	116.48 	18.68 	29.74 	0.06 	33.36 	1.3 	2.7 	4.9 		
2017/7/24 17:00	116.50 	18.67 	29.70 	0.05 	33.35 	1.4 	2.7 	5.4 		
2017/7/24 17:05	116.51 	18.66 	29.70 	0.06 	33.36 	1.4 	2.7 	5.6 		
2017/7/24 17:10	116.52 	18.65 	29.71 	0.06 	33.37 	1.5 	2.7 	5.8 		
2017/7/24 17:15	116.53 	18.64 	29.69 	0.06 	33.37 	1.3 	2.7 	4.9 		
2017/7/24 17:20	116.54 	18.64 	29.69 	0.06 	33.38 	1.3 	2.7 	5.2 		
2017/7/24 17:25	116.56 	18.63 	29.70 	0.06 	33.39 	1.2 	2.7 	4.9 		
2017/7/24 17:30	116.57 	18.62 	29.68 	0.06 	33.40 	1.4 	2.8 	5.5 		
2017/7/24 17:35	116.58 	18.61 	29.69 	0.06 	33.42 	1.3 	2.8 	5.3 		
2017/7/24 17:40	116.59 	18.61 	29.68 	0.06 	33.43 	1.3 	2.8 	5.3 		
2017/7/24 17:45	116.61 	18.60 	29.66 	0.05 	33.44 	1.3 	2.8 	5.3 		
2017/7/24 17:50	116.62 	18.59 	29.65 	0.06 	33.44 	1.3 	2.8 	5.0 		
2017/7/24 17:55	116.63 	18.58 	29.65 	0.06 	33.44 	1.3 	2.6 	5.0 		
2017/7/24 18:00	116.64 	18.57 	29.63 	0.06 	33.44 	1.4 	2.6 	5.4 		
2017/7/24 18:05	116.66 	18.56 	29.64 	0.06 	33.44 	1.4 	2.6 	5.2 		
2017/7/24 18:10	116.67 	18.56 	29.66 	0.07 	33.44 	1.2 	2.6 	4.7 		
2017/7/24 18:15	116.68 	18.55 	29.68 	0.06 	33.45 	1.4 	2.6 	5.3 		
2017/7/24 18:20	116.69 	18.54 	29.71 	0.07 	33.46 	1.4 	2.6 	5.2 		
2017/7/24 18:25	116.70 	18.53 	29.74 	0.07 	33.46 	1.5 	2.6 	5.6 		
2017/7/24 18:30	116.71 	18.52 	29.77 	0.08 	33.46 	1.4 	2.6 	5.4 		
2017/7/24 18:35	116.73 	18.51 	29.80 	0.07 	33.46 	1.4 	2.6 	5.3 		
2017/7/24 18:40	116.74 	18.51 	29.80 	0.06 	33.46 	1.6 	2.6 	5.8 		
2017/7/24 18:45	116.75 	18.50 	29.80 	0.06 	33.47 	1.4 	2.6 	5.3 		
2017/7/24 23:25	116.77 	18.51 	29.66 	0.06 	33.52 	1.1 	2.6 	4.1 		
2017/7/24 23:30	116.77 	18.50 	29.67 	0.07 	33.52 	1.1 	2.6 	4.1 		
2017/7/24 23:35	116.78 	18.49 	29.69 	0.06 	33.54 	1.1 	2.6 	3.9 		
2017/7/24 23:40	116.78 	18.48 	29.73 	0.08 	33.57 	1.2 	2.6 	4.4 		
2017/7/24 23:45	116.79 	18.46 	29.76 	0.07 	33.58 	1.1 	2.6 	4.0 		
2017/7/24 23:50	116.79 	18.45 	29.75 	0.06 	33.59 	1.0 	2.6 	3.9 		
2017/7/24 23:55	116.80 	18.44 	29.73 	0.06 	33.58 	1.0 	2.6 	3.8 		
2017/7/25 0:00	116.80 	18.43 	29.73 	0.06 	33.58 	1.0 	2.6 	3.6 		
2017/7/25 0:05	116.81 	18.42 	29.73 	0.06 	33.57 	1.1 	2.6 	4.0 		
2017/7/25 0:10	116.81 	18.40 	29.71 	0.05 	33.55 	1.1 	2.6 	4.0 		
2017/7/25 0:15	116.82 	18.39 	29.68 	0.06 	33.53 	1.1 	2.6 	4.0 		
2017/7/25 0:20	116.82 	18.38 	29.65 	0.05 	33.53 	1.1 	2.6 	4.0 		
2017/7/25 0:25	116.83 	18.37 	29.62 	0.05 	33.52 	1.2 	2.7 	4.6 		
2017/7/25 0:30	116.84 	18.36 	29.60 	0.05 	33.51 	1.1 	2.7 	4.3 		
2017/7/25 0:35	116.84 	18.34 	29.57 	0.05 	33.51 	1.2 	2.7 	4.6 		
2017/7/25 0:40	116.85 	18.33 	29.56 	0.06 	33.53 	1.2 	2.7 	4.7 		
2017/7/25 0:45	116.85 	18.32 	29.59 	0.07 	33.54 	1.3 	2.7 	4.9 		
2017/7/25 0:50	116.86 	18.31 	29.64 	0.07 	33.57 	1.1 	2.7 	4.4 		
2017/7/25 0:55	116.86 	18.29 	29.68 	0.07 	33.59 	1.1 	2.7 	4.2 		
2017/7/25 1:00	116.87 	18.28 	29.73 	0.07 	33.61 	1.1 	2.7 	4.4 		
2017/7/25 1:05	116.87 	18.27 	29.78 	0.08 	33.63 	1.2 	2.7 	4.9 		
2017/7/25 1:10	116.88 	18.26 	29.78 	0.06 	33.63 	1.3 	2.6 	4.6 		
2017/7/25 1:15	116.88 	18.25 	29.78 	0.06 	33.63 	1.4 	2.6 	5.0 		
2017/7/25 1:20	116.89 	18.23 	29.78 	0.06 	33.63 	1.2 	2.6 	4.5 		
2017/7/25 1:25	116.89 	18.22 	29.78 	0.06 	33.63 	1.3 	2.6 	4.6 		
2017/7/25 1:30	116.90 	18.21 	29.79 	0.07 	33.62 	1.2 	2.6 	4.4 		
2017/7/25 1:35	116.90 	18.20 	29.79 	0.06 	33.62 	1.3 	2.6 	4.8 		
2017/7/25 1:40	116.91 	18.18 	29.79 	0.06 	33.62 	1.3 	2.6 	4.6 		
2017/7/25 1:45	116.92 	18.17 	29.79 	0.06 	33.62 	1.2 	2.6 	4.5 		
2017/7/25 1:50	116.92 	18.16 	29.80 	0.06 	33.63 	1.3 	2.6 	4.8 		
2017/7/25 1:55	116.93 	18.15 	29.79 	0.06 	33.63 	1.3 	2.6 	4.8 		
2017/7/25 2:00	116.93 	18.13 	29.79 	0.06 	33.62 	1.4 	2.6 	5.1 		
2017/7/25 2:05	116.94 	18.12 	29.75 	0.05 	33.62 	1.2 	2.7 	4.7 		
2017/7/25 2:10	116.94 	18.11 	29.72 	0.05 	33.60 	1.3 	2.7 	4.8 		
2017/7/25 2:15	116.95 	18.10 	29.66 	0.05 	33.59 	1.3 	2.7 	5.0 		
2017/7/25 2:20	116.96 	18.09 	29.63 	0.05 	33.58 	1.3 	2.7 	4.9 		
2017/7/25 2:25	116.96 	18.07 	29.61 	0.05 	33.59 	1.4 	2.7 	5.2 		
2017/7/25 2:30	116.97 	18.06 	29.62 	0.06 	33.59 	1.2 	2.7 	4.7 		
2017/7/25 2:35	116.97 	18.05 	29.65 	0.07 	33.60 	1.2 	2.7 	4.6 		
2017/7/25 2:40	116.98 	18.04 	29.68 	0.07 	33.59 	1.3 	2.7 	4.8 		
2017/7/25 2:45	116.99 	18.02 	29.68 	0.06 	33.59 	1.2 	2.7 	4.6 		
2017/7/25 2:50	116.99 	18.01 	29.68 	0.06 	33.60 	1.3 	2.7 	5.0 		
2017/7/25 2:55	117.00 	18.00 	29.68 	0.07 	33.61 	1.2 	2.7 	4.5 		
2017/7/25 8:30	116.97 	18.05 	29.61 	0.06 	33.61 	1.2 	2.7 	4.6 		
2017/7/25 8:35	116.96 	18.05 	29.62 	0.06 	33.61 	1.1 	2.8 	4.2 		
2017/7/25 8:40	116.95 	18.05 	29.61 	0.07 	33.61 	1.1 	2.8 	4.3 		
2017/7/25 8:45	116.93 	18.05 	29.59 	0.06 	33.60 	1.1 	2.8 	4.3 		
2017/7/25 8:50	116.92 	18.05 	29.57 	0.06 	33.60 	1.1 	2.8 	4.5 		
2017/7/25 8:55	116.90 	18.05 	29.57 	0.07 	33.60 	1.1 	2.8 	4.5 		
2017/7/25 9:00	116.89 	18.05 	29.58 	0.07 	33.61 	1.2 	2.8 	4.7 		
2017/7/25 9:05	116.87 	18.05 	29.60 	0.07 	33.62 	1.3 	2.9 	5.4 		
2017/7/25 9:10	116.86 	18.05 	29.63 	0.07 	33.63 	1.3 	2.9 	5.6 		
2017/7/25 9:15	116.84 	18.05 	29.67 	0.08 	33.63 	1.3 	2.9 	5.6 		
2017/7/25 9:20	116.83 	18.05 	29.70 	0.07 	33.63 	1.3 	2.9 	5.4 		
2017/7/25 9:25	116.81 	18.05 	29.70 	0.06 	33.62 	1.2 	2.9 	5.1 		
2017/7/25 9:30	116.80 	18.04 	29.70 	0.06 	33.62 	1.2 	2.9 	5.2 		
2017/7/25 9:35	116.78 	18.04 	29.70 	0.06 	33.62 	1.2 	2.9 	4.9 		
2017/7/25 9:40	116.77 	18.04 	29.68 	0.06 	33.62 	1.2 	2.9 	5.2 		
2017/7/25 9:45	116.76 	18.04 	29.67 	0.06 	33.61 	1.2 	2.9 	4.9 		
2017/7/25 9:50	116.74 	18.04 	29.66 	0.06 	33.61 	1.3 	2.9 	5.3 		
2017/7/25 9:55	116.73 	18.04 	29.66 	0.06 	33.60 	1.2 	2.9 	5.0 		
2017/7/25 10:00	116.72 	18.04 	29.66 	0.06 	33.60 	1.1 	2.9 	4.6 		
2017/7/25 10:05	116.70 	18.03 	29.64 	0.06 	33.59 	1.3 	2.9 	5.3 		
2017/7/25 10:10	116.69 	18.03 	29.63 	0.06 	33.59 	1.0 	2.9 	4.3 		
2017/7/25 10:15	116.67 	18.03 	29.62 	0.06 	33.57 	1.1 	2.9 	4.6 		
2017/7/25 10:20	116.66 	18.03 	29.58 	0.05 	33.54 	1.0 	2.9 	4.4 		
2017/7/25 10:25	116.65 	18.03 	29.54 	0.06 	33.51 	1.1 	2.9 	4.6 		
2017/7/25 10:30	116.63 	18.03 	29.53 	0.06 	33.48 	1.0 	2.9 	4.4 		
2017/7/25 10:35	116.62 	18.02 	29.52 	0.06 	33.47 	1.0 	3.0 	4.4 		
2017/7/25 10:40	116.60 	18.02 	29.51 	0.07 	33.47 	0.9 	3.0 	4.1 		
2017/7/25 10:45	116.59 	18.02 	29.50 	0.06 	33.47 	1.0 	3.0 	4.3 		
2017/7/25 10:50	116.58 	18.02 	29.49 	0.06 	33.47 	1.1 	3.0 	4.6 		
2017/7/25 10:55	116.56 	18.01 	29.49 	0.07 	33.47 	1.1 	3.0 	4.9 		
2017/7/25 11:00	116.55 	18.01 	29.50 	0.07 	33.47 	1.1 	3.1 	4.8 		
2017/7/25 11:05	116.54 	18.01 	29.50 	0.07 	33.47 	1.0 	3.1 	4.4 		
2017/7/25 11:10	116.52 	18.01 	29.51 	0.07 	33.46 	0.8 	3.1 	3.7 		
2017/7/25 11:15	116.51 	18.00 	29.50 	0.06 	33.46 	0.9 	3.1 	4.1 		
2017/7/25 11:20	116.49 	18.00 	29.50 	0.06 	33.47 	0.9 	3.1 	4.0 		
2017/7/25 11:25	116.48 	18.00 	29.51 	0.07 	33.48 	0.7 	3.1 	3.2 		
2017/7/25 11:30	116.46 	18.00 	29.52 	0.07 	33.48 	0.8 	3.1 	3.6 		
2017/7/25 11:35	116.45 	18.00 	29.53 	0.07 	33.48 	0.9 	3.1 	3.8 		
2017/7/25 11:40	116.44 	18.00 	29.53 	0.06 	33.49 	1.0 	3.1 	4.3 		
2017/7/25 11:45	116.42 	18.00 	29.54 	0.07 	33.49 	1.0 	3.1 	4.2 		
2017/7/25 11:50	116.41 	18.00 	29.55 	0.07 	33.49 	1.0 	3.1 	4.4 		
2017/7/25 11:55	116.39 	18.00 	29.57 	0.07 	33.50 	0.9 	3.1 	4.1 		
2017/7/25 12:00	116.38 	18.00 	29.59 	0.07 	33.51 	1.0 	3.1 	4.5 		
2017/7/25 12:05	116.36 	18.00 	29.61 	0.07 	33.52 	0.9 	3.2 	4.1 		
2017/7/25 12:10	116.35 	18.00 	29.63 	0.06 	33.52 	0.8 	3.2 	3.6 		
2017/7/25 12:15	116.34 	18.00 	29.65 	0.06 	33.52 	0.9 	3.2 	4.0 		
2017/7/25 12:20	116.32 	18.00 	29.66 	0.07 	33.53 	0.9 	3.2 	4.3 		
2017/7/25 12:25	116.31 	18.00 	29.67 	0.07 	33.53 	1.0 	3.2 	4.6 		
2017/7/25 12:30	116.29 	18.00 	29.68 	0.06 	33.54 	0.9 	3.2 	4.3 		
2017/7/25 12:35	116.28 	18.00 	29.69 	0.06 	33.54 	1.0 	3.2 	4.8 		
2017/7/25 12:40	116.26 	18.00 	29.69 	0.06 	33.54 	0.9 	3.2 	4.3 		
2017/7/25 12:45	116.25 	18.00 	29.68 	0.06 	33.54 	1.1 	3.2 	4.9 		
2017/7/25 12:50	116.23 	18.00 	29.66 	0.05 	33.54 	1.1 	3.2 	4.9 		
2017/7/25 12:55	116.22 	18.00 	29.64 	0.06 	33.53 	1.0 	3.2 	4.8 		
2017/7/25 13:00	116.21 	18.00 	29.63 	0.06 	33.52 	0.8 	3.2 	3.7 		
2017/7/25 13:05	116.19 	18.00 	29.64 	0.06 	33.51 	0.9 	3.2 	4.1 		
2017/7/25 13:10	116.18 	18.00 	29.65 	0.07 	33.51 	0.9 	3.2 	4.3 		
2017/7/25 13:15	116.16 	18.00 	29.65 	0.06 	33.51 	1.0 	3.2 	4.5 		
2017/7/25 13:20	116.15 	18.00 	29.65 	0.06 	33.50 	0.9 	3.2 	4.2 		
2017/7/25 13:25	116.13 	18.00 	29.64 	0.06 	33.49 	0.8 	3.2 	3.9 		
2017/7/25 13:30	116.12 	18.00 	29.63 	0.06 	33.47 	0.9 	3.4 	4.5 		
2017/7/25 13:35	116.10 	18.00 	29.60 	0.06 	33.44 	0.9 	3.4 	4.1 		
2017/7/25 13:40	116.09 	18.00 	29.57 	0.06 	33.42 	0.9 	3.4 	4.1 		
2017/7/25 13:45	116.07 	18.00 	29.55 	0.05 	33.40 	0.9 	3.4 	4.3 		
2017/7/25 13:50	116.06 	18.00 	29.54 	0.06 	33.39 	0.9 	3.4 	4.2 		
2017/7/25 13:55	116.05 	18.00 	29.52 	0.06 	33.38 	0.8 	3.4 	3.8 		
2017/7/25 14:00	116.03 	18.00 	29.50 	0.06 	33.38 	0.8 	3.4 	4.1 		
2017/7/25 14:05	116.02 	18.00 	29.49 	0.06 	33.37 	1.0 	3.4 	4.6 		
2017/7/25 14:10	116.00 	18.00 	29.48 	0.07 	33.37 	0.8 	3.4 	3.9 		
										
										
										
										
										
										
